# BRON: KONINKLIJK NEDERLANDS METEOROLOGISCH INSTITUUT (KNMI)
# Opmerking: door stationsverplaatsingen en veranderingen in waarneemmethodieken zijn deze tijdreeksen van dagwaarden mogelijk inhomogeen! Dat betekent dat deze reeks van gemeten waarden niet geschikt is voor trendanalyse. Voor studies naar klimaatverandering verwijzen we naar de gehomogeniseerde reeks maandtemperaturen van De Bilt <http://www.knmi.nl/kennis-en-datacentrum/achtergrond/gehomogeniseerde-reeks-maandtemperaturen-de-bilt> of de Centraal Nederland Temperatuur <http://www.knmi.nl/kennis-en-datacentrum/achtergrond/centraal-nederland-temperatuur-cnt>.
# 
# 
# STN      LON(east)   LAT(north)     ALT(m)  NAME
# 240:         4.790       52.318      -3.30  SCHIPHOL
# 260:         5.180       52.100       1.90  DE BILT
# 269:         5.520       52.458      -3.70  LELYSTAD
# 270:         5.752       53.224       1.20  LEEUWARDEN
# 280:         6.585       53.125       5.20  EELDE
# 283:         6.657       52.069      29.10  HUPSEL
# 290:         6.891       52.274      34.80  TWENTHE
# 312:         3.622       51.768       0.00  OOSTERSCHELDE
# 319:         3.861       51.226       1.70  WESTDORPE
# 344:         4.447       51.962      -4.30  ROTTERDAM
# 370:         5.377       51.451      22.60  EINDHOVEN
# 380:         5.762       50.906     114.30  MAASTRICHT
# 
# YYYYMMDD = Datum (YYYY=jaar MM=maand DD=dag); 
# TX       = Maximum temperatuur (in 0.1 graden Celsius); 
# 
# STN,YYYYMMDD,   TX
# 
  240,20161201,  102
  240,20161202,   96
  240,20161203,   79
  240,20161204,   42
  240,20161205,   40
  240,20161206,   54
  240,20161207,   90
  240,20161208,  112
  240,20161209,  110
  240,20161210,   96
  240,20161211,  106
  240,20161212,   81
  240,20161213,   75
  240,20161214,   87
  240,20161215,   76
  240,20161216,   78
  240,20161217,   91
  240,20161218,  102
  240,20161219,   84
  240,20161220,   37
  240,20161221,   66
  240,20161222,   77
  240,20161223,   85
  240,20161224,   99
  240,20161225,  124
  240,20161226,  116
  240,20161227,   92
  240,20161228,   33
  240,20161229,   -3
  240,20161230,   41
  240,20161231,   49
  240,20170101,   32
  240,20170102,   67
  240,20170103,   74
  240,20170104,   76
  240,20170105,   40
  240,20170106,   -2
  240,20170107,   35
  240,20170108,   72
  240,20170109,   66
  240,20170110,   74
  240,20170111,   98
  240,20170112,   79
  240,20170113,   62
  240,20170114,   49
  240,20170115,   36
  240,20170116,   33
  240,20170117,    4
  240,20170118,  -16
  240,20170119,   48
  240,20170120,   48
  240,20170121,   46
  240,20170122,   37
  240,20170123,   32
  240,20170124,   31
  240,20170125,    7
  240,20170126,   -1
  240,20170127,   47
  240,20170128,   94
  240,20170129,   61
  240,20170130,   71
  240,20170131,   57
  240,20170201,   64
  240,20170202,  129
  240,20170203,  114
  240,20170204,   72
  240,20170205,   61
  240,20170206,   62
  240,20170207,   41
  240,20170208,    9
  240,20170209,   -8
  240,20170210,  -15
  240,20170211,    8
  240,20170212,   20
  240,20170213,   53
  240,20170214,   89
  240,20170215,  129
  240,20170216,   95
  240,20170217,   82
  240,20170218,   88
  240,20170219,  101
  240,20170220,  110
  240,20170221,  106
  240,20170222,  101
  240,20170223,  105
  240,20170224,   82
  240,20170225,   87
  240,20170226,  106
  240,20170227,  102
  240,20170228,   66
  240,20170301,   89
  240,20170302,   84
  240,20170303,   89
  240,20170304,  131
  240,20170305,  110
  240,20170306,  100
  240,20170307,   90
  240,20170308,  101
  240,20170309,  122
  240,20170310,  116
  240,20170311,  125
  240,20170312,  152
  240,20170313,  123
  240,20170314,  136
  240,20170315,  135
  240,20170316,  165
  240,20170317,  105
  240,20170318,  115
  240,20170319,  136
  240,20170320,  113
  240,20170321,   95
  240,20170322,  128
  240,20170323,  132
  240,20170324,  132
  240,20170325,  135
  240,20170326,  115
  240,20170327,  179
  240,20170328,  199
  240,20170329,  144
  240,20170330,  215
  240,20170331,  219
  240,20170401,  138
  240,20170402,  158
  240,20170403,  132
  240,20170404,  166
  240,20170405,  123
  240,20170406,  117
  240,20170407,  147
  240,20170408,  153
  240,20170409,  203
  240,20170410,  132
  240,20170411,  135
  240,20170412,  115
  240,20170413,  124
  240,20170414,  134
  240,20170415,  116
  240,20170416,  108
  240,20170417,  112
  240,20170418,  110
  240,20170419,   94
  240,20170420,  121
  240,20170421,  137
  240,20170422,  114
  240,20170423,  114
  240,20170424,  124
  240,20170425,   99
  240,20170426,  110
  240,20170427,  106
  240,20170428,  118
  240,20170429,  137
  240,20170430,  192
  240,20170501,  144
  240,20170502,  154
  240,20170503,  143
  240,20170504,  128
  240,20170505,  111
  240,20170506,  175
  240,20170507,  156
  240,20170508,  154
  240,20170509,  132
  240,20170510,  143
  240,20170511,  230
  240,20170512,  204
  240,20170513,  182
  240,20170514,  202
  240,20170515,  206
  240,20170516,  258
  240,20170517,  285
  240,20170518,  207
  240,20170519,  164
  240,20170520,  175
  240,20170521,  199
  240,20170522,  241
  240,20170523,  190
  240,20170524,  211
  240,20170525,  222
  240,20170526,  256
  240,20170527,  306
  240,20170528,  234
  240,20170529,  269
  240,20170530,  194
  240,20170531,  208
  240,20170601,  229
  240,20170602,  250
  240,20170603,  221
  240,20170604,  190
  240,20170605,  212
  240,20170606,  178
  240,20170607,  182
  240,20170608,  225
  240,20170609,  191
  240,20170610,  236
  240,20170611,  269
  240,20170612,  191
  240,20170613,  201
  240,20170614,  238
  240,20170615,  256
  240,20170616,  184
  240,20170617,  229
  240,20170618,  274
  240,20170619,  298
  240,20170620,  252
  240,20170621,  264
  240,20170622,  284
  240,20170623,  214
  240,20170624,  201
  240,20170625,  196
  240,20170626,  195
  240,20170627,  225
  240,20170628,  225
  240,20170629,  209
  240,20170630,  196
  240,20170701,  204
  240,20170702,  195
  240,20170703,  222
  240,20170704,  228
  240,20170705,  239
  240,20170706,  268
  240,20170707,  248
  240,20170708,  230
  240,20170709,  229
  240,20170710,  250
  240,20170711,  211
  240,20170712,  192
  240,20170713,  197
  240,20170714,  196
  240,20170715,  221
  240,20170716,  206
  240,20170717,  226
  240,20170718,  244
  240,20170719,  301
  240,20170720,  234
  240,20170721,  222
  240,20170722,  246
  240,20170723,  202
  240,20170724,  193
  240,20170725,  202
  240,20170726,  235
  240,20170727,  211
  240,20170728,  210
  240,20170729,  231
  240,20170730,  216
  240,20170731,  222
  240,20170801,  229
  240,20170802,  218
  240,20170803,  221
  240,20170804,  215
  240,20170805,  205
  240,20170806,  211
  240,20170807,  216
  240,20170808,  195
  240,20170809,  209
  240,20170810,  204
  240,20170811,  205
  240,20170812,  216
  240,20170813,  207
  240,20170814,  244
  240,20170815,  216
  240,20170816,  230
  240,20170817,  202
  240,20170818,  210
  240,20170819,  193
  240,20170820,  196
  240,20170821,  213
  240,20170822,  232
  240,20170823,  253
  240,20170824,  211
  240,20170825,  224
  240,20170826,  240
  240,20170827,  246
  240,20170828,  259
  240,20170829,  276
  240,20170830,  200
  240,20170831,  196
  240,20170901,  188
  240,20170902,  193
  240,20170903,  204
  240,20170904,  216
  240,20170905,  222
  240,20170906,  187
  240,20170907,  193
  240,20170908,  168
  240,20170909,  182
  240,20170910,  187
  240,20170911,  177
  240,20170912,  175
  240,20170913,  176
  240,20170914,  159
  240,20170915,  167
  240,20170916,  136
  240,20170917,  163
  240,20170918,  169
  240,20170919,  171
  240,20170920,  180
  240,20170921,  187
  240,20170922,  172
  240,20170923,  184
  240,20170924,  190
  240,20170925,  180
  240,20170926,  159
  240,20170927,  196
  240,20170928,  193
  240,20170929,  228
  240,20170930,  162
  240,20171001,  171
  240,20171002,  176
  240,20171003,  168
  240,20171004,  158
  240,20171005,  158
  240,20171006,  147
  240,20171007,  151
  240,20171008,  153
  240,20171009,  145
  240,20171010,  164
  240,20171011,  160
  240,20171012,  159
  240,20171013,  188
  240,20171014,  195
  240,20171015,  215
  240,20171016,  234
  240,20171017,  156
  240,20171018,  178
  240,20171019,  203
  240,20171020,  167
  240,20171021,  173
  240,20171022,  136
  240,20171023,  152
  240,20171024,  169
  240,20171025,  173
  240,20171026,  168
  240,20171027,  145
  240,20171028,  154
  240,20171030,  121
  240,20171031,  130
  240,20171101,  139
  240,20171102,  149
  240,20171103,  136
  240,20171104,  133
  240,20171105,  107
  240,20171106,  105
  240,20171107,   94
  240,20171108,   79
  240,20171109,  120
  240,20171110,  121
  240,20171111,  109
  240,20171112,   77
  240,20171113,  107
  240,20171114,  106
  240,20171115,  110
  240,20171116,  115
  240,20171117,  111
  240,20171118,   98
  240,20171119,  100
  240,20171120,  120
  240,20171121,  127
  240,20171122,  129
  240,20171123,  146
  240,20171124,   96
  240,20171125,   81
  240,20171126,   81
  240,20171127,  103
  240,20171128,   85
  240,20171129,   52
  240,20171130,   46
  240,20171201,   46
  260,20161201,   94
  260,20161202,   94
  260,20161203,   81
  260,20161204,   40
  260,20161205,   41
  260,20161206,   54
  260,20161207,   95
  260,20161208,   96
  260,20161209,  104
  260,20161210,   92
  260,20161211,   96
  260,20161212,   76
  260,20161213,   75
  260,20161214,   91
  260,20161215,   79
  260,20161216,   75
  260,20161217,   85
  260,20161218,   91
  260,20161219,   75
  260,20161220,   10
  260,20161221,   71
  260,20161222,   69
  260,20161223,   80
  260,20161224,   97
  260,20161225,  117
  260,20161226,  118
  260,20161227,   93
  260,20161228,   43
  260,20161229,   -8
  260,20161230,   15
  260,20161231,   33
  260,20170101,   19
  260,20170102,   68
  260,20170103,   71
  260,20170104,   73
  260,20170105,   33
  260,20170106,   -3
  260,20170107,   34
  260,20170108,   61
  260,20170109,   59
  260,20170110,   66
  260,20170111,  104
  260,20170112,   74
  260,20170113,   56
  260,20170114,   48
  260,20170115,   48
  260,20170116,   12
  260,20170117,   13
  260,20170118,  -19
  260,20170119,   35
  260,20170120,   51
  260,20170121,   50
  260,20170122,   37
  260,20170123,   31
  260,20170124,   21
  260,20170125,    6
  260,20170126,    6
  260,20170127,   51
  260,20170128,   81
  260,20170129,   65
  260,20170130,   72
  260,20170131,   61
  260,20170201,   54
  260,20170202,  125
  260,20170203,  119
  260,20170204,   74
  260,20170205,   77
  260,20170206,   66
  260,20170207,   39
  260,20170208,    9
  260,20170209,  -10
  260,20170210,  -13
  260,20170211,   10
  260,20170212,   25
  260,20170213,   71
  260,20170214,   94
  260,20170215,  135
  260,20170216,   99
  260,20170217,   86
  260,20170218,  103
  260,20170219,   92
  260,20170220,  109
  260,20170221,  111
  260,20170222,  108
  260,20170223,  105
  260,20170224,   87
  260,20170225,   89
  260,20170226,  106
  260,20170227,  106
  260,20170228,   65
  260,20170301,   94
  260,20170302,   82
  260,20170303,   88
  260,20170304,  132
  260,20170305,  106
  260,20170306,   95
  260,20170307,   94
  260,20170308,  106
  260,20170309,  128
  260,20170310,  112
  260,20170311,  130
  260,20170312,  148
  260,20170313,  137
  260,20170314,  149
  260,20170315,  139
  260,20170316,  168
  260,20170317,  103
  260,20170318,  127
  260,20170319,  127
  260,20170320,  115
  260,20170321,   98
  260,20170322,  124
  260,20170323,  140
  260,20170324,  142
  260,20170325,  143
  260,20170326,  130
  260,20170327,  174
  260,20170328,  197
  260,20170329,  147
  260,20170330,  218
  260,20170331,  218
  260,20170401,  141
  260,20170402,  169
  260,20170403,  143
  260,20170404,  165
  260,20170405,  128
  260,20170406,  118
  260,20170407,  138
  260,20170408,  155
  260,20170409,  210
  260,20170410,  155
  260,20170411,  138
  260,20170412,  119
  260,20170413,  133
  260,20170414,  130
  260,20170415,  121
  260,20170416,  108
  260,20170417,  109
  260,20170418,  111
  260,20170419,   83
  260,20170420,  129
  260,20170421,  149
  260,20170422,  113
  260,20170423,  114
  260,20170424,  130
  260,20170425,   99
  260,20170426,  104
  260,20170427,  109
  260,20170428,  117
  260,20170429,  140
  260,20170430,  184
  260,20170501,  137
  260,20170502,  152
  260,20170503,  152
  260,20170504,  133
  260,20170505,  111
  260,20170506,  188
  260,20170507,  162
  260,20170508,  153
  260,20170509,  138
  260,20170510,  159
  260,20170511,  228
  260,20170512,  212
  260,20170513,  190
  260,20170514,  199
  260,20170515,  212
  260,20170516,  262
  260,20170517,  284
  260,20170518,  211
  260,20170519,  167
  260,20170520,  173
  260,20170521,  202
  260,20170522,  246
  260,20170523,  210
  260,20170524,  223
  260,20170525,  230
  260,20170526,  266
  260,20170527,  319
  260,20170528,  266
  260,20170529,  286
  260,20170530,  212
  260,20170531,  222
  260,20170601,  234
  260,20170602,  266
  260,20170603,  237
  260,20170604,  195
  260,20170605,  229
  260,20170606,  174
  260,20170607,  174
  260,20170608,  232
  260,20170609,  196
  260,20170610,  239
  260,20170611,  271
  260,20170612,  178
  260,20170613,  208
  260,20170614,  244
  260,20170615,  264
  260,20170616,  180
  260,20170617,  232
  260,20170618,  278
  260,20170619,  309
  260,20170620,  274
  260,20170621,  291
  260,20170622,  308
  260,20170623,  232
  260,20170624,  179
  260,20170625,  190
  260,20170626,  206
  260,20170627,  218
  260,20170628,  219
  260,20170629,  217
  260,20170630,  208
  260,20170701,  210
  260,20170702,  196
  260,20170703,  220
  260,20170704,  232
  260,20170705,  248
  260,20170706,  265
  260,20170707,  260
  260,20170708,  245
  260,20170709,  232
  260,20170710,  259
  260,20170711,  207
  260,20170712,  182
  260,20170713,  205
  260,20170714,  186
  260,20170715,  215
  260,20170716,  221
  260,20170717,  231
  260,20170718,  252
  260,20170719,  294
  260,20170720,  242
  260,20170721,  227
  260,20170722,  242
  260,20170723,  191
  260,20170724,  202
  260,20170725,  200
  260,20170726,  236
  260,20170727,  214
  260,20170728,  210
  260,20170729,  205
  260,20170730,  229
  260,20170731,  228
  260,20170801,  227
  260,20170802,  220
  260,20170803,  225
  260,20170804,  218
  260,20170805,  204
  260,20170806,  217
  260,20170807,  231
  260,20170808,  196
  260,20170809,  213
  260,20170810,  205
  260,20170811,  203
  260,20170812,  216
  260,20170813,  215
  260,20170814,  241
  260,20170815,  218
  260,20170816,  233
  260,20170817,  199
  260,20170818,  201
  260,20170819,  196
  260,20170820,  198
  260,20170821,  208
  260,20170822,  235
  260,20170823,  250
  260,20170824,  222
  260,20170825,  234
  260,20170826,  250
  260,20170827,  247
  260,20170828,  268
  260,20170829,  290
  260,20170830,  225
  260,20170831,  197
  260,20170901,  193
  260,20170902,  194
  260,20170903,  200
  260,20170904,  216
  260,20170905,  217
  260,20170906,  183
  260,20170907,  185
  260,20170908,  158
  260,20170909,  177
  260,20170910,  177
  260,20170911,  177
  260,20170912,  183
  260,20170913,  176
  260,20170914,  144
  260,20170915,  164
  260,20170916,  129
  260,20170917,  172
  260,20170918,  162
  260,20170919,  174
  260,20170920,  175
  260,20170921,  186
  260,20170922,  192
  260,20170923,  183
  260,20170924,  204
  260,20170925,  181
  260,20170926,  172
  260,20170927,  202
  260,20170928,  206
  260,20170929,  227
  260,20170930,  157
  260,20171001,  174
  260,20171002,  179
  260,20171003,  164
  260,20171004,  152
  260,20171005,  160
  260,20171006,  150
  260,20171007,  143
  260,20171008,  147
  260,20171009,  134
  260,20171010,  158
  260,20171011,  161
  260,20171012,  161
  260,20171013,  182
  260,20171014,  199
  260,20171015,  221
  260,20171016,  244
  260,20171017,  166
  260,20171018,  186
  260,20171019,  204
  260,20171020,  167
  260,20171021,  175
  260,20171022,  132
  260,20171023,  152
  260,20171024,  171
  260,20171025,  171
  260,20171026,  175
  260,20171027,  144
  260,20171028,  153
  260,20171030,  121
  260,20171031,  112
  260,20171101,  135
  260,20171102,  140
  260,20171103,  124
  260,20171104,  131
  260,20171105,  109
  260,20171106,  109
  260,20171107,   98
  260,20171108,   76
  260,20171109,  111
  260,20171110,  118
  260,20171111,   94
  260,20171112,   64
  260,20171113,  103
  260,20171114,   99
  260,20171115,  102
  260,20171116,  107
  260,20171117,  110
  260,20171118,   96
  260,20171119,   99
  260,20171120,  118
  260,20171121,  124
  260,20171122,  133
  260,20171123,  144
  260,20171124,   92
  260,20171125,   74
  260,20171126,   80
  260,20171127,   91
  260,20171128,   78
  260,20171129,   40
  260,20171130,   46
  260,20171201,   31
  269,20161201,   93
  269,20161202,   86
  269,20161203,   76
  269,20161204,   21
  269,20161205,   28
  269,20161206,   43
  269,20161207,   87
  269,20161208,   95
  269,20161209,  105
  269,20161210,   95
  269,20161211,   95
  269,20161212,   76
  269,20161213,   74
  269,20161214,   89
  269,20161215,   82
  269,20161216,   75
  269,20161217,   75
  269,20161218,   86
  269,20161219,   74
  269,20161220,   11
  269,20161221,   68
  269,20161222,   74
  269,20161223,   79
  269,20161224,   95
  269,20161225,  117
  269,20161226,  113
  269,20161227,   89
  269,20161228,   31
  269,20161229,   -3
  269,20161230,   13
  269,20161231,   37
  269,20170101,   27
  269,20170102,   60
  269,20170103,   71
  269,20170104,   74
  269,20170105,   42
  269,20170106,   -9
  269,20170107,   36
  269,20170108,   58
  269,20170109,   60
  269,20170110,   68
  269,20170111,   94
  269,20170112,   72
  269,20170113,   57
  269,20170114,   49
  269,20170115,   43
  269,20170116,    2
  269,20170117,  -17
  269,20170118,  -18
  269,20170119,   20
  269,20170120,   23
  269,20170121,   43
  269,20170122,   26
  269,20170123,   28
  269,20170124,   15
  269,20170125,   13
  269,20170126,    8
  269,20170127,   47
  269,20170128,   73
  269,20170129,   61
  269,20170130,   68
  269,20170131,   41
  269,20170201,   54
  269,20170202,  123
  269,20170203,  113
  269,20170204,   76
  269,20170205,   68
  269,20170206,   55
  269,20170207,   29
  269,20170208,   -3
  269,20170209,  -14
  269,20170210,  -17
  269,20170211,    4
  269,20170212,   15
  269,20170213,   45
  269,20170214,   83
  269,20170215,  140
  269,20170216,   99
  269,20170217,   74
  269,20170218,   97
  269,20170219,   88
  269,20170220,  106
  269,20170221,  101
  269,20170222,  105
  269,20170223,  108
  269,20170224,   76
  269,20170225,   82
  269,20170226,  103
  269,20170227,  107
  269,20170228,   68
  269,20170301,   93
  269,20170302,   76
  269,20170303,   91
  269,20170304,  139
  269,20170305,  109
  269,20170306,   95
  269,20170307,   79
  269,20170308,   94
  269,20170309,  117
  269,20170310,  112
  269,20170311,  125
  269,20170312,  142
  269,20170313,  112
  269,20170314,  145
  269,20170315,  120
  269,20170316,  164
  269,20170317,   98
  269,20170318,  107
  269,20170319,  126
  269,20170320,  110
  269,20170321,   92
  269,20170322,  125
  269,20170323,  130
  269,20170324,  133
  269,20170325,  137
  269,20170326,  114
  269,20170327,  178
  269,20170328,  188
  269,20170329,  139
  269,20170330,  211
  269,20170331,  223
  269,20170401,  133
  269,20170402,  155
  269,20170403,  136
  269,20170404,  162
  269,20170405,  122
  269,20170406,  111
  269,20170407,  145
  269,20170408,  147
  269,20170409,  210
  269,20170410,  143
  269,20170411,  140
  269,20170412,  113
  269,20170413,  126
  269,20170414,  132
  269,20170415,  116
  269,20170416,  112
  269,20170417,  103
  269,20170418,  106
  269,20170419,   90
  269,20170420,  122
  269,20170421,  151
  269,20170422,  103
  269,20170423,  106
  269,20170424,  130
  269,20170425,   93
  269,20170426,  108
  269,20170427,  113
  269,20170428,  116
  269,20170429,  130
  269,20170430,  190
  269,20170501,  124
  269,20170502,  150
  269,20170503,  150
  269,20170504,  132
  269,20170505,  110
  269,20170506,  187
  269,20170507,  159
  269,20170508,  152
  269,20170509,  133
  269,20170510,  141
  269,20170511,  241
  269,20170512,  200
  269,20170513,  191
  269,20170514,  214
  269,20170515,  210
  269,20170516,  262
  269,20170517,  290
  269,20170518,  214
  269,20170519,  161
  269,20170520,  171
  269,20170521,  192
  269,20170522,  249
  269,20170523,  201
  269,20170524,  213
  269,20170525,  216
  269,20170526,  272
  269,20170527,  311
  269,20170528,  252
  269,20170529,  292
  269,20170530,  209
  269,20170531,  210
  269,20170601,  226
  269,20170602,  255
  269,20170603,  239
  269,20170604,  206
  269,20170605,  225
  269,20170606,  182
  269,20170607,  167
  269,20170608,  236
  269,20170609,  188
  269,20170610,  232
  269,20170611,  279
  269,20170612,  188
  269,20170613,  198
  269,20170614,  238
  269,20170615,  271
  269,20170616,  188
  269,20170617,  226
  269,20170618,  264
  269,20170619,  290
  269,20170620,  258
  269,20170621,  267
  269,20170622,  295
  269,20170623,  223
  269,20170624,  198
  269,20170625,  191
  269,20170626,  200
  269,20170627,  221
  269,20170628,  228
  269,20170629,  203
  269,20170630,  202
  269,20170701,  198
  269,20170702,  195
  269,20170703,  227
  269,20170704,  217
  269,20170705,  244
  269,20170706,  263
  269,20170707,  258
  269,20170708,  227
  269,20170709,  231
  269,20170710,  258
  269,20170711,  212
  269,20170712,  181
  269,20170713,  200
  269,20170714,  191
  269,20170715,  208
  269,20170716,  218
  269,20170717,  223
  269,20170718,  243
  269,20170719,  286
  269,20170720,  251
  269,20170721,  226
  269,20170722,  262
  269,20170723,  199
  269,20170724,  197
  269,20170725,  195
  269,20170726,  231
  269,20170727,  219
  269,20170728,  216
  269,20170729,  228
  269,20170730,  231
  269,20170731,  228
  269,20170801,  226
  269,20170802,  220
  269,20170803,  224
  269,20170804,  219
  269,20170805,  206
  269,20170806,  210
  269,20170807,  224
  269,20170808,  204
  269,20170809,  213
  269,20170810,  208
  269,20170811,  204
  269,20170812,  218
  269,20170813,  209
  269,20170814,  241
  269,20170815,  215
  269,20170816,  231
  269,20170817,  193
  269,20170818,  205
  269,20170819,  194
  269,20170820,  194
  269,20170821,  212
  269,20170822,  230
  269,20170823,  256
  269,20170824,  220
  269,20170825,  223
  269,20170826,  238
  269,20170827,  236
  269,20170828,  254
  269,20170829,  283
  269,20170830,  218
  269,20170831,  193
  269,20170901,  205
  269,20170902,  195
  269,20170903,  203
  269,20170904,  230
  269,20170905,  221
  269,20170906,  185
  269,20170907,  189
  269,20170908,  162
  269,20170909,  180
  269,20170910,  179
  269,20170911,  173
  269,20170912,  176
  269,20170913,  166
  269,20170914,  153
  269,20170915,  160
  269,20170916,  132
  269,20170917,  167
  269,20170918,  165
  269,20170919,  174
  269,20170920,  181
  269,20170921,  185
  269,20170922,  184
  269,20170923,  180
  269,20170924,  194
  269,20170925,  172
  269,20170926,  166
  269,20170927,  198
  269,20170928,  186
  269,20170929,  222
  269,20170930,  158
  269,20171001,  181
  269,20171002,  177
  269,20171003,  162
  269,20171004,  150
  269,20171005,  158
  269,20171006,  149
  269,20171007,  143
  269,20171008,  142
  269,20171009,  141
  269,20171010,  157
  269,20171011,  159
  269,20171012,  150
  269,20171013,  179
  269,20171014,  192
  269,20171015,  218
  269,20171016,  233
  269,20171017,  165
  269,20171018,  183
  269,20171019,  206
  269,20171020,  171
  269,20171021,  172
  269,20171022,  135
  269,20171023,  142
  269,20171024,  165
  269,20171025,  165
  269,20171026,  160
  269,20171027,  141
  269,20171028,  147
  269,20171030,  113
  269,20171031,  112
  269,20171101,  133
  269,20171102,  145
  269,20171103,  125
  269,20171104,  131
  269,20171105,  108
  269,20171106,  106
  269,20171107,   95
  269,20171108,   75
  269,20171109,  109
  269,20171110,  105
  269,20171111,   93
  269,20171112,   76
  269,20171113,   96
  269,20171114,   93
  269,20171115,  101
  269,20171116,  106
  269,20171117,  101
  269,20171118,   97
  269,20171119,   93
  269,20171120,  112
  269,20171121,  122
  269,20171122,  126
  269,20171123,  135
  269,20171124,   86
  269,20171125,   64
  269,20171126,   72
  269,20171127,   92
  269,20171128,   68
  269,20171129,   40
  269,20171130,   47
  269,20171201,   36
  270,20161201,   95
  270,20161202,   89
  270,20161203,   84
  270,20161204,   40
  270,20161205,   35
  270,20161206,   30
  270,20161207,   66
  270,20161208,   97
  270,20161209,  100
  270,20161210,  104
  270,20161211,   93
  270,20161212,   89
  270,20161213,   68
  270,20161214,   85
  270,20161215,   85
  270,20161216,   59
  270,20161217,   84
  270,20161218,   89
  270,20161219,   83
  270,20161220,   33
  270,20161221,   57
  270,20161222,   75
  270,20161223,   74
  270,20161224,   93
  270,20161225,  110
  270,20161226,  107
  270,20161227,   89
  270,20161228,   78
  270,20161229,   26
  270,20161230,   51
  270,20161231,   76
  270,20170101,   58
  270,20170102,   57
  270,20170103,   78
  270,20170104,   78
  270,20170105,   26
  270,20170106,   -4
  270,20170107,   53
  270,20170108,   67
  270,20170109,   59
  270,20170110,   68
  270,20170111,   85
  270,20170112,   60
  270,20170113,   58
  270,20170114,   48
  270,20170115,   49
  270,20170116,   21
  270,20170117,  -25
  270,20170118,  -12
  270,20170119,   29
  270,20170120,   38
  270,20170121,   48
  270,20170122,   19
  270,20170123,   25
  270,20170124,    8
  270,20170125,   12
  270,20170126,   11
  270,20170127,   43
  270,20170128,   72
  270,20170129,   61
  270,20170130,   40
  270,20170131,   41
  270,20170201,   47
  270,20170202,  113
  270,20170203,  101
  270,20170204,   77
  270,20170205,   55
  270,20170206,   49
  270,20170207,   19
  270,20170208,   -1
  270,20170209,  -18
  270,20170210,  -12
  270,20170211,   11
  270,20170212,   26
  270,20170213,   69
  270,20170214,   73
  270,20170215,  133
  270,20170216,   83
  270,20170217,   76
  270,20170218,   51
  270,20170219,   91
  270,20170220,  100
  270,20170221,   91
  270,20170222,   91
  270,20170223,   98
  270,20170224,   68
  270,20170225,   72
  270,20170226,   94
  270,20170227,   90
  270,20170228,   64
  270,20170301,   81
  270,20170302,   68
  270,20170303,   86
  270,20170304,  128
  270,20170305,  110
  270,20170306,   82
  270,20170307,   52
  270,20170308,   82
  270,20170309,  100
  270,20170310,  101
  270,20170311,  119
  270,20170312,  130
  270,20170313,  102
  270,20170314,  126
  270,20170315,  109
  270,20170316,  146
  270,20170317,   86
  270,20170318,   94
  270,20170319,  111
  270,20170320,  108
  270,20170321,   85
  270,20170322,  122
  270,20170323,  110
  270,20170324,  126
  270,20170325,  116
  270,20170326,  125
  270,20170327,  170
  270,20170328,  172
  270,20170329,  117
  270,20170330,  185
  270,20170331,  210
  270,20170401,  145
  270,20170402,  142
  270,20170403,  124
  270,20170404,  161
  270,20170405,  118
  270,20170406,  106
  270,20170407,  137
  270,20170408,  128
  270,20170409,  186
  270,20170410,  126
  270,20170411,  127
  270,20170412,  105
  270,20170413,  112
  270,20170414,  111
  270,20170415,  111
  270,20170416,  117
  270,20170417,   92
  270,20170418,   96
  270,20170419,   87
  270,20170420,  112
  270,20170421,  128
  270,20170422,  102
  270,20170423,  105
  270,20170424,  116
  270,20170425,   90
  270,20170426,   99
  270,20170427,   99
  270,20170428,  104
  270,20170429,  112
  270,20170430,  174
  270,20170501,  129
  270,20170502,  142
  270,20170503,  143
  270,20170504,  122
  270,20170505,  107
  270,20170506,  160
  270,20170507,  144
  270,20170508,  122
  270,20170509,  109
  270,20170510,  128
  270,20170511,  209
  270,20170512,  186
  270,20170513,  184
  270,20170514,  199
  270,20170515,  192
  270,20170516,  240
  270,20170517,  280
  270,20170518,  205
  270,20170519,  168
  270,20170520,  171
  270,20170521,  184
  270,20170522,  239
  270,20170523,  185
  270,20170524,  192
  270,20170525,  206
  270,20170526,  228
  270,20170527,  296
  270,20170528,  218
  270,20170529,  233
  270,20170530,  183
  270,20170531,  179
  270,20170601,  212
  270,20170602,  246
  270,20170603,  230
  270,20170604,  196
  270,20170605,  207
  270,20170606,  180
  270,20170607,  154
  270,20170608,  198
  270,20170609,  180
  270,20170610,  204
  270,20170611,  252
  270,20170612,  174
  270,20170613,  182
  270,20170614,  220
  270,20170615,  267
  270,20170616,  176
  270,20170617,  207
  270,20170618,  259
  270,20170619,  290
  270,20170620,  198
  270,20170621,  242
  270,20170622,  258
  270,20170623,  192
  270,20170624,  187
  270,20170625,  175
  270,20170626,  182
  270,20170627,  207
  270,20170628,  212
  270,20170629,  194
  270,20170630,  186
  270,20170701,  197
  270,20170702,  188
  270,20170703,  199
  270,20170704,  190
  270,20170705,  212
  270,20170706,  237
  270,20170707,  245
  270,20170708,  195
  270,20170709,  216
  270,20170710,  237
  270,20170711,  206
  270,20170712,  176
  270,20170713,  189
  270,20170714,  186
  270,20170715,  200
  270,20170716,  202
  270,20170717,  202
  270,20170718,  220
  270,20170719,  292
  270,20170720,  222
  270,20170721,  223
  270,20170722,  262
  270,20170723,  199
  270,20170724,  190
  270,20170725,  194
  270,20170726,  215
  270,20170727,  203
  270,20170728,  203
  270,20170729,  217
  270,20170730,  220
  270,20170731,  214
  270,20170801,  212
  270,20170802,  217
  270,20170803,  209
  270,20170804,  206
  270,20170805,  197
  270,20170806,  198
  270,20170807,  213
  270,20170808,  233
  270,20170809,  199
  270,20170810,  198
  270,20170811,  194
  270,20170812,  202
  270,20170813,  193
  270,20170814,  235
  270,20170815,  225
  270,20170816,  228
  270,20170817,  191
  270,20170818,  198
  270,20170819,  186
  270,20170820,  191
  270,20170821,  193
  270,20170822,  207
  270,20170823,  235
  270,20170824,  208
  270,20170825,  224
  270,20170826,  222
  270,20170827,  219
  270,20170828,  237
  270,20170829,  260
  270,20170830,  186
  270,20170831,  189
  270,20170901,  196
  270,20170902,  184
  270,20170903,  195
  270,20170904,  215
  270,20170905,  204
  270,20170906,  173
  270,20170907,  188
  270,20170908,  178
  270,20170909,  178
  270,20170910,  173
  270,20170911,  164
  270,20170912,  167
  270,20170913,  156
  270,20170914,  153
  270,20170915,  162
  270,20170916,  154
  270,20170917,  150
  270,20170918,  153
  270,20170919,  168
  270,20170920,  176
  270,20170921,  179
  270,20170922,  173
  270,20170923,  180
  270,20170924,  186
  270,20170925,  165
  270,20170926,  163
  270,20170927,  187
  270,20170928,  184
  270,20170929,  198
  270,20170930,  163
  270,20171001,  174
  270,20171002,  171
  270,20171003,  159
  270,20171004,  142
  270,20171005,  157
  270,20171006,  146
  270,20171007,  143
  270,20171008,  142
  270,20171009,  142
  270,20171010,  156
  270,20171011,  161
  270,20171012,  148
  270,20171013,  167
  270,20171014,  183
  270,20171015,  208
  270,20171016,  220
  270,20171017,  161
  270,20171018,  152
  270,20171019,  191
  270,20171020,  164
  270,20171021,  163
  270,20171022,  135
  270,20171023,  143
  270,20171024,  158
  270,20171025,  156
  270,20171026,  151
  270,20171027,  139
  270,20171028,  145
  270,20171030,  112
  270,20171031,  120
  270,20171101,  146
  270,20171102,  142
  270,20171103,  113
  270,20171104,  123
  270,20171105,  101
  270,20171106,  109
  270,20171107,   87
  270,20171108,   77
  270,20171109,  109
  270,20171110,  112
  270,20171111,   97
  270,20171112,   80
  270,20171113,  100
  270,20171114,   99
  270,20171115,  104
  270,20171116,  103
  270,20171117,   99
  270,20171118,   88
  270,20171119,   93
  270,20171120,  105
  270,20171121,  113
  270,20171122,  118
  270,20171123,  135
  270,20171124,   92
  270,20171125,   66
  270,20171126,   76
  270,20171127,   91
  270,20171128,   72
  270,20171129,   67
  270,20171130,   45
  270,20171201,   45
  280,20161201,  100
  280,20161202,   88
  280,20161203,   81
  280,20161204,    7
  280,20161205,   43
  280,20161206,   27
  280,20161207,   78
  280,20161208,   92
  280,20161209,  103
  280,20161210,   96
  280,20161211,   91
  280,20161212,   86
  280,20161213,   65
  280,20161214,   86
  280,20161215,   84
  280,20161216,   59
  280,20161217,   76
  280,20161218,   81
  280,20161219,   72
  280,20161220,   23
  280,20161221,   59
  280,20161222,   75
  280,20161223,   72
  280,20161224,   92
  280,20161225,  112
  280,20161226,  111
  280,20161227,   91
  280,20161228,   71
  280,20161229,   41
  280,20161230,   12
  280,20161231,   50
  280,20170101,   44
  280,20170102,   51
  280,20170103,   79
  280,20170104,   77
  280,20170105,   23
  280,20170106,  -16
  280,20170107,   32
  280,20170108,   37
  280,20170109,   53
  280,20170110,   69
  280,20170111,   89
  280,20170112,   64
  280,20170113,   54
  280,20170114,   49
  280,20170115,   37
  280,20170116,   13
  280,20170117,  -24
  280,20170118,  -18
  280,20170119,   26
  280,20170120,   31
  280,20170121,   44
  280,20170122,   32
  280,20170123,   31
  280,20170124,   12
  280,20170125,    3
  280,20170126,   13
  280,20170127,   45
  280,20170128,   91
  280,20170129,   59
  280,20170130,   39
  280,20170131,   34
  280,20170201,   37
  280,20170202,  110
  280,20170203,  102
  280,20170204,   89
  280,20170205,   61
  280,20170206,   44
  280,20170207,   13
  280,20170208,   -2
  280,20170209,  -19
  280,20170210,  -12
  280,20170211,    7
  280,20170212,   25
  280,20170213,   61
  280,20170214,   65
  280,20170215,  141
  280,20170216,   75
  280,20170217,   75
  280,20170218,   79
  280,20170219,   98
  280,20170220,  108
  280,20170221,  101
  280,20170222,  100
  280,20170223,  103
  280,20170224,   71
  280,20170225,   75
  280,20170226,   98
  280,20170227,  109
  280,20170228,   63
  280,20170301,   97
  280,20170302,   73
  280,20170303,   92
  280,20170304,  132
  280,20170305,  114
  280,20170306,   93
  280,20170307,   53
  280,20170308,   81
  280,20170309,   97
  280,20170310,  110
  280,20170311,  121
  280,20170312,  122
  280,20170313,  118
  280,20170314,  143
  280,20170315,  120
  280,20170316,  161
  280,20170317,   99
  280,20170318,   98
  280,20170319,  115
  280,20170320,  113
  280,20170321,   99
  280,20170322,  124
  280,20170323,  119
  280,20170324,  132
  280,20170325,  124
  280,20170326,   98
  280,20170327,  171
  280,20170328,  181
  280,20170329,  119
  280,20170330,  200
  280,20170331,  227
  280,20170401,  169
  280,20170402,  159
  280,20170403,  149
  280,20170404,  160
  280,20170405,  123
  280,20170406,  112
  280,20170407,  149
  280,20170408,  132
  280,20170409,  202
  280,20170410,  127
  280,20170411,  120
  280,20170412,  105
  280,20170413,  115
  280,20170414,  114
  280,20170415,  117
  280,20170416,  117
  280,20170417,  101
  280,20170418,   96
  280,20170419,   83
  280,20170420,  130
  280,20170421,  140
  280,20170422,  105
  280,20170423,  105
  280,20170424,  122
  280,20170425,   95
  280,20170426,  102
  280,20170427,  108
  280,20170428,  112
  280,20170429,  124
  280,20170430,  169
  280,20170501,  161
  280,20170502,  144
  280,20170503,  160
  280,20170504,  115
  280,20170505,  100
  280,20170506,  165
  280,20170507,  166
  280,20170508,  128
  280,20170509,  126
  280,20170510,  142
  280,20170511,  221
  280,20170512,  189
  280,20170513,  201
  280,20170514,  209
  280,20170515,  212
  280,20170516,  238
  280,20170517,  284
  280,20170518,  216
  280,20170519,  176
  280,20170520,  182
  280,20170521,  190
  280,20170522,  243
  280,20170523,  225
  280,20170524,  187
  280,20170525,  211
  280,20170526,  236
  280,20170527,  304
  280,20170528,  249
  280,20170529,  257
  280,20170530,  215
  280,20170531,  196
  280,20170601,  223
  280,20170602,  255
  280,20170603,  242
  280,20170604,  213
  280,20170605,  219
  280,20170606,  193
  280,20170607,  149
  280,20170608,  214
  280,20170609,  195
  280,20170610,  222
  280,20170611,  285
  280,20170612,  180
  280,20170613,  195
  280,20170614,  232
  280,20170615,  280
  280,20170616,  190
  280,20170617,  217
  280,20170618,  273
  280,20170619,  301
  280,20170620,  205
  280,20170621,  247
  280,20170622,  303
  280,20170623,  221
  280,20170624,  198
  280,20170625,  185
  280,20170626,  194
  280,20170627,  214
  280,20170628,  214
  280,20170629,  209
  280,20170630,  194
  280,20170701,  207
  280,20170702,  188
  280,20170703,  214
  280,20170704,  197
  280,20170705,  214
  280,20170706,  244
  280,20170707,  260
  280,20170708,  204
  280,20170709,  222
  280,20170710,  250
  280,20170711,  219
  280,20170712,  172
  280,20170713,  199
  280,20170714,  202
  280,20170715,  210
  280,20170716,  214
  280,20170717,  214
  280,20170718,  227
  280,20170719,  289
  280,20170720,  248
  280,20170721,  220
  280,20170722,  261
  280,20170723,  210
  280,20170724,  181
  280,20170725,  194
  280,20170726,  227
  280,20170727,  210
  280,20170728,  207
  280,20170729,  229
  280,20170730,  236
  280,20170731,  228
  280,20170801,  222
  280,20170802,  223
  280,20170803,  217
  280,20170804,  213
  280,20170805,  205
  280,20170806,  207
  280,20170807,  224
  280,20170808,  228
  280,20170809,  215
  280,20170810,  203
  280,20170811,  193
  280,20170812,  210
  280,20170813,  199
  280,20170814,  233
  280,20170815,  243
  280,20170816,  234
  280,20170817,  195
  280,20170818,  221
  280,20170819,  194
  280,20170820,  194
  280,20170821,  204
  280,20170822,  209
  280,20170823,  236
  280,20170824,  221
  280,20170825,  231
  280,20170826,  232
  280,20170827,  220
  280,20170828,  248
  280,20170829,  277
  280,20170830,  224
  280,20170831,  189
  280,20170901,  198
  280,20170902,  188
  280,20170903,  201
  280,20170904,  223
  280,20170905,  224
  280,20170906,  179
  280,20170907,  188
  280,20170908,  171
  280,20170909,  170
  280,20170910,  189
  280,20170911,  182
  280,20170912,  178
  280,20170913,  150
  280,20170914,  152
  280,20170915,  172
  280,20170916,  152
  280,20170917,  163
  280,20170918,  151
  280,20170919,  167
  280,20170920,  166
  280,20170921,  193
  280,20170922,  194
  280,20170923,  185
  280,20170924,  193
  280,20170925,  171
  280,20170926,  171
  280,20170927,  189
  280,20170928,  173
  280,20170929,  212
  280,20170930,  158
  280,20171001,  178
  280,20171002,  176
  280,20171003,  160
  280,20171004,  140
  280,20171005,  155
  280,20171006,  149
  280,20171007,  141
  280,20171008,  147
  280,20171009,  137
  280,20171010,  151
  280,20171011,  153
  280,20171012,  149
  280,20171013,  176
  280,20171014,  181
  280,20171015,  219
  280,20171016,  227
  280,20171017,  168
  280,20171018,  159
  280,20171019,  199
  280,20171020,  166
  280,20171021,  165
  280,20171022,  142
  280,20171023,  140
  280,20171024,  163
  280,20171025,  165
  280,20171026,  161
  280,20171027,  144
  280,20171028,  142
  280,20171030,  117
  280,20171031,  118
  280,20171101,  145
  280,20171102,  136
  280,20171103,  108
  280,20171104,  124
  280,20171105,  103
  280,20171106,  109
  280,20171107,   50
  280,20171108,   76
  280,20171109,  101
  280,20171110,  104
  280,20171111,   93
  280,20171112,   63
  280,20171113,   97
  280,20171114,   93
  280,20171115,  103
  280,20171116,  104
  280,20171117,  100
  280,20171118,   80
  280,20171119,  100
  280,20171120,  103
  280,20171121,  115
  280,20171122,  122
  280,20171123,  135
  280,20171124,   88
  280,20171125,   69
  280,20171126,   74
  280,20171127,   86
  280,20171128,   75
  280,20171129,   37
  280,20171130,   46
  280,20171201,   44
  283,20161201,   90
  283,20161202,   91
  283,20161203,   48
  283,20161204,   32
  283,20161205,   46
  283,20161206,   47
  283,20161207,   68
  283,20161208,   81
  283,20161209,  102
  283,20161210,   93
  283,20161211,   96
  283,20161212,   83
  283,20161213,   69
  283,20161214,   85
  283,20161215,   73
  283,20161216,   64
  283,20161217,   65
  283,20161218,   83
  283,20161219,   65
  283,20161220,    5
  283,20161221,   58
  283,20161222,   61
  283,20161223,   81
  283,20161224,   84
  283,20161225,  115
  283,20161226,  116
  283,20161227,   86
  283,20161228,   39
  283,20161229,   51
  283,20161230,   33
  283,20161231,   12
  283,20170101,    7
  283,20170102,   43
  283,20170103,   55
  283,20170104,   68
  283,20170105,   19
  283,20170106,  -14
  283,20170107,    7
  283,20170108,   42
  283,20170109,   50
  283,20170110,   55
  283,20170111,   91
  283,20170112,   68
  283,20170113,   41
  283,20170114,   40
  283,20170115,   14
  283,20170116,   -4
  283,20170117,  -22
  283,20170118,   -8
  283,20170119,   16
  283,20170120,   31
  283,20170121,   31
  283,20170122,   25
  283,20170123,    1
  283,20170124,    9
  283,20170125,   -5
  283,20170126,   13
  283,20170127,   69
  283,20170128,   83
  283,20170129,   68
  283,20170130,   70
  283,20170131,   33
  283,20170201,   56
  283,20170202,  128
  283,20170203,  116
  283,20170204,   82
  283,20170205,   82
  283,20170206,   53
  283,20170207,   31
  283,20170208,   10
  283,20170209,   -6
  283,20170210,   -9
  283,20170211,   15
  283,20170212,   32
  283,20170213,   81
  283,20170214,   94
  283,20170215,  143
  283,20170216,  101
  283,20170217,   85
  283,20170218,   94
  283,20170219,   70
  283,20170220,  106
  283,20170221,  109
  283,20170222,  110
  283,20170223,  106
  283,20170224,   84
  283,20170225,   75
  283,20170226,  104
  283,20170227,  122
  283,20170228,   78
  283,20170301,   85
  283,20170302,   78
  283,20170303,  105
  283,20170304,  140
  283,20170305,  114
  283,20170306,   85
  283,20170307,   88
  283,20170308,   93
  283,20170309,  116
  283,20170310,  118
  283,20170311,  129
  283,20170312,  143
  283,20170313,  141
  283,20170314,  150
  283,20170315,  133
  283,20170316,  162
  283,20170317,  104
  283,20170318,  106
  283,20170319,  127
  283,20170320,  115
  283,20170321,  106
  283,20170322,  128
  283,20170323,  133
  283,20170324,  136
  283,20170325,  145
  283,20170326,  139
  283,20170327,  179
  283,20170328,  191
  283,20170329,  144
  283,20170330,  218
  283,20170331,  230
  283,20170401,  156
  283,20170402,  170
  283,20170403,  153
  283,20170404,  164
  283,20170405,  140
  283,20170406,  111
  283,20170407,  151
  283,20170408,  134
  283,20170409,  211
  283,20170410,  142
  283,20170411,  140
  283,20170412,  115
  283,20170413,  130
  283,20170414,  104
  283,20170415,  127
  283,20170416,  111
  283,20170417,  119
  283,20170418,  107
  283,20170419,   92
  283,20170420,  123
  283,20170421,  145
  283,20170422,  112
  283,20170423,  109
  283,20170424,  143
  283,20170425,  109
  283,20170426,  115
  283,20170427,  113
  283,20170428,  110
  283,20170429,  141
  283,20170430,  189
  283,20170501,  119
  283,20170502,  139
  283,20170503,  163
  283,20170504,  143
  283,20170505,  101
  283,20170506,  191
  283,20170507,  172
  283,20170508,  156
  283,20170509,  133
  283,20170510,  155
  283,20170511,  235
  283,20170512,  218
  283,20170513,  216
  283,20170514,  219
  283,20170515,  216
  283,20170516,  261
  283,20170517,  297
  283,20170518,  208
  283,20170519,  163
  283,20170520,  183
  283,20170521,  208
  283,20170522,  248
  283,20170523,  247
  283,20170524,  217
  283,20170525,  242
  283,20170526,  278
  283,20170527,  319
  283,20170528,  279
  283,20170529,  324
  283,20170530,  246
  283,20170531,  225
  283,20170601,  244
  283,20170602,  282
  283,20170603,  254
  283,20170604,  211
  283,20170605,  224
  283,20170606,  189
  283,20170607,  171
  283,20170608,  237
  283,20170609,  203
  283,20170610,  232
  283,20170611,  276
  283,20170612,  184
  283,20170613,  197
  283,20170614,  239
  283,20170615,  284
  283,20170616,  196
  283,20170617,  216
  283,20170618,  279
  283,20170619,  311
  283,20170620,  286
  283,20170621,  279
  283,20170622,  333
  283,20170623,  249
  283,20170624,  185
  283,20170625,  198
  283,20170626,  218
  283,20170627,  212
  283,20170628,  225
  283,20170629,  202
  283,20170630,  213
  283,20170701,  206
  283,20170702,  208
  283,20170703,  223
  283,20170704,  229
  283,20170705,  259
  283,20170706,  282
  283,20170707,  267
  283,20170708,  247
  283,20170709,  243
  283,20170710,  256
  283,20170711,  221
  283,20170712,  176
  283,20170713,  206
  283,20170714,  193
  283,20170715,  216
  283,20170716,  225
  283,20170717,  227
  283,20170718,  255
  283,20170719,  313
  283,20170720,  254
  283,20170721,  239
  283,20170722,  270
  283,20170723,  203
  283,20170724,  199
  283,20170725,  182
  283,20170726,  231
  283,20170727,  216
  283,20170728,  208
  283,20170729,  235
  283,20170730,  251
  283,20170731,  240
  283,20170801,  235
  283,20170802,  242
  283,20170803,  235
  283,20170804,  227
  283,20170805,  206
  283,20170806,  220
  283,20170807,  245
  283,20170808,  226
  283,20170809,  220
  283,20170810,  212
  283,20170811,  189
  283,20170812,  215
  283,20170813,  222
  283,20170814,  253
  283,20170815,  268
  283,20170816,  239
  283,20170817,  209
  283,20170818,  212
  283,20170819,  195
  283,20170820,  194
  283,20170821,  215
  283,20170822,  236
  283,20170823,  258
  283,20170824,  233
  283,20170825,  236
  283,20170826,  256
  283,20170827,  243
  283,20170828,  269
  283,20170829,  295
  283,20170830,  247
  283,20170831,  184
  283,20170901,  191
  283,20170902,  202
  283,20170903,  207
  283,20170904,  225
  283,20170905,  239
  283,20170906,  183
  283,20170907,  188
  283,20170908,  158
  283,20170909,  183
  283,20170910,  179
  283,20170911,  179
  283,20170912,  180
  283,20170913,  177
  283,20170914,  139
  283,20170915,  163
  283,20170916,  156
  283,20170917,  168
  283,20170918,  148
  283,20170919,  147
  283,20170920,  164
  283,20170921,  187
  283,20170922,  198
  283,20170923,  192
  283,20170924,  197
  283,20170925,  190
  283,20170926,  178
  283,20170927,  211
  283,20170928,  196
  283,20170929,  224
  283,20170930,  168
  283,20171001,  182
  283,20171002,  184
  283,20171003,  162
  283,20171004,  139
  283,20171005,  154
  283,20171006,  145
  283,20171007,  124
  283,20171008,  144
  283,20171009,  138
  283,20171010,  152
  283,20171011,  158
  283,20171012,  151
  283,20171013,  186
  283,20171014,  211
  283,20171015,  225
  283,20171016,  237
  283,20171017,  174
  283,20171018,  195
  283,20171019,  205
  283,20171020,  172
  283,20171021,  170
  283,20171022,  124
  283,20171023,  141
  283,20171024,  167
  283,20171025,  162
  283,20171026,  164
  283,20171027,  139
  283,20171028,  141
  283,20171030,  115
  283,20171031,  112
  283,20171101,  134
  283,20171102,  124
  283,20171103,  119
  283,20171104,  142
  283,20171105,  113
  283,20171106,  107
  283,20171107,   70
  283,20171108,   80
  283,20171109,   89
  283,20171110,  103
  283,20171111,   83
  283,20171112,   63
  283,20171113,   97
  283,20171114,   83
  283,20171115,   88
  283,20171116,   97
  283,20171117,  103
  283,20171118,   82
  283,20171119,   90
  283,20171120,  109
  283,20171121,  121
  283,20171122,  120
  283,20171123,  146
  283,20171124,   85
  283,20171125,   62
  283,20171126,   58
  283,20171127,   77
  283,20171128,   71
  283,20171129,   21
  283,20171130,   45
  283,20171201,   42
  290,20161201,   90
  290,20161202,   91
  290,20161203,   60
  290,20161204,   34
  290,20161205,   58
  290,20161206,   44
  290,20161207,   80
  290,20161208,   86
  290,20161209,  105
  290,20161210,   93
  290,20161211,   94
  290,20161212,   78
  290,20161213,   68
  290,20161214,   82
  290,20161215,   76
  290,20161216,   64
  290,20161217,   66
  290,20161218,   85
  290,20161219,   68
  290,20161220,    9
  290,20161221,   62
  290,20161222,   59
  290,20161223,   77
  290,20161224,   82
  290,20161225,  114
  290,20161226,  115
  290,20161227,   88
  290,20161228,   46
  290,20161229,   55
  290,20161230,   37
  290,20161231,   15
  290,20170101,   13
  290,20170102,   35
  290,20170103,   60
  290,20170104,   71
  290,20170105,    6
  290,20170106,  -17
  290,20170107,    8
  290,20170108,   30
  290,20170109,   47
  290,20170110,   52
  290,20170111,   91
  290,20170112,   68
  290,20170113,   40
  290,20170114,   36
  290,20170115,   25
  290,20170116,  -16
  290,20170117,  -28
  290,20170118,  -18
  290,20170119,   34
  290,20170120,   27
  290,20170121,   35
  290,20170122,   38
  290,20170123,    2
  290,20170124,   12
  290,20170125,   -4
  290,20170126,   14
  290,20170127,   60
  290,20170128,   87
  290,20170129,   67
  290,20170130,   69
  290,20170131,   34
  290,20170201,   49
  290,20170202,  120
  290,20170203,  109
  290,20170204,   86
  290,20170205,   78
  290,20170206,   59
  290,20170207,   21
  290,20170208,   -4
  290,20170209,  -18
  290,20170210,  -15
  290,20170211,   11
  290,20170212,   25
  290,20170213,   67
  290,20170214,   92
  290,20170215,  139
  290,20170216,   99
  290,20170217,   76
  290,20170218,  100
  290,20170219,   69
  290,20170220,  107
  290,20170221,  106
  290,20170222,  110
  290,20170223,   97
  290,20170224,   82
  290,20170225,   76
  290,20170226,  104
  290,20170227,  122
  290,20170228,   77
  290,20170301,   86
  290,20170302,   69
  290,20170303,  101
  290,20170304,  150
  290,20170305,  116
  290,20170306,   90
  290,20170307,   74
  290,20170308,   86
  290,20170309,  107
  290,20170310,  108
  290,20170311,  136
  290,20170312,  141
  290,20170313,  151
  290,20170314,  160
  290,20170315,  139
  290,20170316,  163
  290,20170317,  112
  290,20170318,  108
  290,20170319,  124
  290,20170320,  113
  290,20170321,  109
  290,20170322,  128
  290,20170323,  137
  290,20170324,  138
  290,20170325,  147
  290,20170326,  137
  290,20170327,  180
  290,20170328,  195
  290,20170329,  140
  290,20170330,  223
  290,20170331,  237
  290,20170401,  157
  290,20170402,  177
  290,20170403,  154
  290,20170404,  162
  290,20170405,  133
  290,20170406,  119
  290,20170407,  152
  290,20170408,  142
  290,20170409,  215
  290,20170410,  135
  290,20170411,  143
  290,20170412,  122
  290,20170413,  127
  290,20170414,  114
  290,20170415,  128
  290,20170416,  121
  290,20170417,  111
  290,20170418,   99
  290,20170419,   91
  290,20170420,  128
  290,20170421,  146
  290,20170422,  114
  290,20170423,  110
  290,20170424,  143
  290,20170425,  105
  290,20170426,  115
  290,20170427,  115
  290,20170428,  116
  290,20170429,  130
  290,20170430,  181
  290,20170501,  126
  290,20170502,  137
  290,20170503,  165
  290,20170504,  138
  290,20170505,   94
  290,20170506,  181
  290,20170507,  179
  290,20170508,  152
  290,20170509,  129
  290,20170510,  147
  290,20170511,  236
  290,20170512,  216
  290,20170513,  221
  290,20170514,  225
  290,20170515,  215
  290,20170516,  264
  290,20170517,  292
  290,20170518,  213
  290,20170519,  169
  290,20170520,  186
  290,20170521,  208
  290,20170522,  241
  290,20170523,  242
  290,20170524,  201
  290,20170525,  236
  290,20170526,  268
  290,20170527,  303
  290,20170528,  274
  290,20170529,  314
  290,20170530,  243
  290,20170531,  236
  290,20170601,  235
  290,20170602,  278
  290,20170603,  259
  290,20170604,  209
  290,20170605,  224
  290,20170606,  196
  290,20170607,  161
  290,20170608,  233
  290,20170609,  201
  290,20170610,  229
  290,20170611,  277
  290,20170612,  188
  290,20170613,  197
  290,20170614,  242
  290,20170615,  284
  290,20170616,  199
  290,20170617,  219
  290,20170618,  285
  290,20170619,  308
  290,20170620,  282
  290,20170621,  280
  290,20170622,  349
  290,20170623,  259
  290,20170624,  189
  290,20170625,  202
  290,20170626,  219
  290,20170627,  211
  290,20170628,  232
  290,20170629,  198
  290,20170630,  221
  290,20170701,  210
  290,20170702,  210
  290,20170703,  235
  290,20170704,  228
  290,20170705,  242
  290,20170706,  279
  290,20170707,  278
  290,20170708,  243
  290,20170709,  239
  290,20170710,  259
  290,20170711,  213
  290,20170712,  175
  290,20170713,  201
  290,20170714,  202
  290,20170715,  215
  290,20170716,  223
  290,20170717,  226
  290,20170718,  255
  290,20170719,  321
  290,20170720,  257
  290,20170721,  237
  290,20170722,  274
  290,20170723,  205
  290,20170724,  186
  290,20170725,  192
  290,20170726,  235
  290,20170727,  223
  290,20170728,  219
  290,20170729,  223
  290,20170730,  256
  290,20170731,  242
  290,20170801,  234
  290,20170802,  240
  290,20170803,  236
  290,20170804,  236
  290,20170805,  198
  290,20170806,  214
  290,20170807,  245
  290,20170808,  224
  290,20170809,  221
  290,20170810,  216
  290,20170811,  175
  290,20170812,  209
  290,20170813,  209
  290,20170814,  248
  290,20170815,  263
  290,20170816,  229
  290,20170817,  209
  290,20170818,  212
  290,20170819,  197
  290,20170820,  197
  290,20170821,  201
  290,20170822,  220
  290,20170823,  250
  290,20170824,  228
  290,20170825,  231
  290,20170826,  248
  290,20170827,  233
  290,20170828,  258
  290,20170829,  288
  290,20170830,  242
  290,20170831,  190
  290,20170901,  194
  290,20170902,  196
  290,20170903,  203
  290,20170904,  223
  290,20170905,  238
  290,20170906,  180
  290,20170907,  194
  290,20170908,  156
  290,20170909,  186
  290,20170910,  182
  290,20170911,  183
  290,20170912,  177
  290,20170913,  175
  290,20170914,  151
  290,20170915,  166
  290,20170916,  152
  290,20170917,  169
  290,20170918,  139
  290,20170919,  151
  290,20170920,  163
  290,20170921,  189
  290,20170922,  196
  290,20170923,  189
  290,20170924,  192
  290,20170925,  178
  290,20170926,  185
  290,20170927,  200
  290,20170928,  188
  290,20170929,  220
  290,20170930,  163
  290,20171001,  185
  290,20171002,  187
  290,20171003,  165
  290,20171004,  141
  290,20171005,  155
  290,20171006,  147
  290,20171007,  127
  290,20171008,  157
  290,20171009,  143
  290,20171010,  152
  290,20171011,  159
  290,20171012,  157
  290,20171013,  189
  290,20171014,  210
  290,20171015,  225
  290,20171016,  239
  290,20171017,  173
  290,20171018,  185
  290,20171019,  206
  290,20171020,  173
  290,20171021,  167
  290,20171022,  129
  290,20171023,  133
  290,20171024,  167
  290,20171025,  162
  290,20171026,  161
  290,20171027,  139
  290,20171028,  139
  290,20171030,  107
  290,20171031,  116
  290,20171101,  129
  290,20171102,  124
  290,20171103,  115
  290,20171104,  139
  290,20171105,  114
  290,20171106,  106
  290,20171107,   56
  290,20171108,   82
  290,20171109,   87
  290,20171110,   97
  290,20171111,   83
  290,20171112,   62
  290,20171113,   97
  290,20171114,   81
  290,20171115,   91
  290,20171116,   99
  290,20171117,  101
  290,20171118,   83
  290,20171119,   82
  290,20171120,  108
  290,20171121,  120
  290,20171122,  118
  290,20171123,  146
  290,20171124,   82
  290,20171125,   63
  290,20171126,   49
  290,20171127,   76
  290,20171128,   66
  290,20171129,   23
  290,20171130,   42
  290,20171201,   41
  312,20161201,     
  312,20161202,     
  312,20161203,     
  312,20161204,     
  312,20161205,     
  312,20161206,     
  312,20161207,     
  312,20161208,     
  312,20161209,     
  312,20161210,     
  312,20161211,     
  312,20161212,     
  312,20161213,     
  312,20161214,     
  312,20161215,     
  312,20161216,     
  312,20161217,     
  312,20161218,     
  312,20161219,     
  312,20161220,     
  312,20161221,     
  312,20161222,     
  312,20161223,     
  312,20161224,     
  312,20161225,     
  312,20161226,     
  312,20161227,     
  312,20161228,     
  312,20161229,     
  312,20161230,     
  312,20161231,     
  312,20170101,     
  312,20170102,     
  312,20170103,     
  312,20170104,     
  312,20170105,     
  312,20170106,     
  312,20170107,     
  312,20170108,     
  312,20170109,     
  312,20170110,     
  312,20170111,     
  312,20170112,     
  312,20170113,     
  312,20170114,     
  312,20170115,     
  312,20170116,     
  312,20170117,     
  312,20170118,     
  312,20170119,     
  312,20170120,     
  312,20170121,     
  312,20170122,     
  312,20170123,     
  312,20170124,     
  312,20170125,     
  312,20170126,     
  312,20170127,     
  312,20170128,     
  312,20170129,     
  312,20170130,     
  312,20170131,     
  312,20170201,     
  312,20170202,     
  312,20170203,     
  312,20170204,     
  312,20170205,     
  312,20170206,     
  312,20170207,     
  312,20170208,     
  312,20170209,     
  312,20170210,     
  312,20170211,     
  312,20170212,     
  312,20170213,     
  312,20170214,     
  312,20170215,     
  312,20170216,     
  312,20170217,     
  312,20170218,     
  312,20170219,     
  312,20170220,     
  312,20170221,     
  312,20170222,     
  312,20170223,     
  312,20170224,     
  312,20170225,     
  312,20170226,     
  312,20170227,     
  312,20170228,     
  312,20170301,     
  312,20170302,     
  312,20170303,     
  312,20170304,     
  312,20170305,     
  312,20170306,     
  312,20170307,     
  312,20170308,     
  312,20170309,     
  312,20170310,     
  312,20170311,     
  312,20170312,     
  312,20170313,     
  312,20170314,     
  312,20170315,     
  312,20170316,     
  312,20170317,     
  312,20170318,     
  312,20170319,     
  312,20170320,     
  312,20170321,     
  312,20170322,     
  312,20170323,     
  312,20170324,     
  312,20170325,     
  312,20170326,     
  312,20170327,     
  312,20170328,     
  312,20170329,     
  312,20170330,     
  312,20170331,     
  312,20170401,     
  312,20170402,     
  312,20170403,     
  312,20170404,     
  312,20170405,     
  312,20170406,     
  312,20170407,     
  312,20170408,     
  312,20170409,     
  312,20170410,     
  312,20170411,     
  312,20170412,     
  312,20170413,     
  312,20170414,     
  312,20170415,     
  312,20170416,     
  312,20170417,     
  312,20170418,     
  312,20170419,     
  312,20170420,     
  312,20170421,     
  312,20170422,     
  312,20170423,     
  312,20170424,     
  312,20170425,     
  312,20170426,     
  312,20170427,     
  312,20170428,     
  312,20170429,     
  312,20170430,     
  312,20170501,     
  312,20170502,     
  312,20170503,     
  312,20170504,     
  312,20170505,     
  312,20170506,     
  312,20170507,     
  312,20170508,     
  312,20170509,     
  312,20170510,     
  312,20170511,     
  312,20170512,     
  312,20170513,     
  312,20170514,     
  312,20170515,     
  312,20170516,     
  312,20170517,     
  312,20170518,     
  312,20170519,     
  312,20170520,     
  312,20170521,     
  312,20170522,     
  312,20170523,     
  312,20170524,     
  312,20170525,     
  312,20170526,     
  312,20170527,     
  312,20170528,     
  312,20170529,     
  312,20170530,     
  312,20170531,     
  312,20170601,     
  312,20170602,     
  312,20170603,     
  312,20170604,     
  312,20170605,     
  312,20170606,     
  312,20170607,     
  312,20170608,     
  312,20170609,     
  312,20170610,     
  312,20170611,     
  312,20170612,     
  312,20170613,     
  312,20170614,     
  312,20170615,     
  312,20170616,     
  312,20170617,     
  312,20170618,     
  312,20170619,     
  312,20170620,     
  312,20170621,     
  312,20170622,     
  312,20170623,     
  312,20170624,     
  312,20170625,     
  312,20170626,     
  312,20170627,     
  312,20170628,     
  312,20170629,     
  312,20170630,     
  312,20170701,     
  312,20170702,     
  312,20170703,     
  312,20170704,     
  312,20170705,     
  312,20170706,     
  312,20170707,     
  312,20170708,     
  312,20170709,     
  312,20170710,     
  312,20170711,     
  312,20170712,     
  312,20170713,     
  312,20170714,     
  312,20170715,     
  312,20170716,     
  312,20170717,     
  312,20170718,     
  312,20170719,     
  312,20170720,     
  312,20170721,     
  312,20170722,     
  312,20170723,     
  312,20170724,     
  312,20170725,     
  312,20170726,     
  312,20170727,     
  312,20170728,     
  312,20170729,     
  312,20170730,     
  312,20170731,     
  312,20170801,     
  312,20170802,     
  312,20170803,     
  312,20170804,     
  312,20170805,     
  312,20170806,     
  312,20170807,     
  312,20170808,     
  312,20170809,     
  312,20170810,     
  312,20170811,     
  312,20170812,     
  312,20170813,     
  312,20170814,     
  312,20170815,     
  312,20170816,     
  312,20170817,     
  312,20170818,     
  312,20170819,     
  312,20170820,     
  312,20170821,     
  312,20170822,     
  312,20170823,     
  312,20170824,     
  312,20170825,     
  312,20170826,     
  312,20170827,     
  312,20170828,     
  312,20170829,     
  312,20170830,     
  312,20170831,     
  312,20170901,     
  312,20170902,     
  312,20170903,     
  312,20170904,     
  312,20170905,     
  312,20170906,     
  312,20170907,     
  312,20170908,     
  312,20170909,     
  312,20170910,     
  312,20170911,     
  312,20170912,     
  312,20170913,     
  312,20170914,     
  312,20170915,     
  312,20170916,     
  312,20170917,     
  312,20170918,     
  312,20170919,     
  312,20170920,     
  312,20170921,     
  312,20170922,     
  312,20170923,     
  312,20170924,     
  312,20170925,     
  312,20170926,     
  312,20170927,     
  312,20170928,     
  312,20170929,     
  312,20170930,     
  312,20171001,     
  312,20171002,     
  312,20171003,     
  312,20171004,     
  312,20171005,     
  312,20171006,     
  312,20171007,     
  312,20171008,     
  312,20171009,     
  312,20171010,     
  312,20171011,     
  312,20171012,     
  312,20171013,     
  312,20171014,     
  312,20171015,     
  312,20171016,     
  312,20171017,     
  312,20171018,     
  312,20171019,     
  312,20171020,     
  312,20171021,     
  312,20171022,     
  312,20171023,     
  312,20171024,     
  312,20171025,     
  312,20171026,     
  312,20171027,     
  312,20171028,     
  312,20171030,     
  312,20171031,     
  312,20171101,     
  312,20171102,     
  312,20171103,     
  312,20171104,     
  312,20171105,     
  312,20171106,     
  312,20171107,     
  312,20171108,     
  312,20171109,     
  312,20171110,     
  312,20171111,     
  312,20171112,     
  312,20171113,     
  312,20171114,     
  312,20171115,     
  312,20171116,     
  312,20171117,     
  312,20171118,     
  312,20171119,     
  312,20171120,     
  312,20171121,     
  312,20171122,     
  312,20171123,     
  312,20171124,     
  312,20171125,     
  312,20171126,     
  312,20171127,     
  312,20171128,     
  312,20171129,     
  312,20171130,     
  312,20171201,     
  319,20161201,   70
  319,20161202,  105
  319,20161203,   67
  319,20161204,   45
  319,20161205,   63
  319,20161206,   80
  319,20161207,  102
  319,20161208,   99
  319,20161209,  124
  319,20161210,  103
  319,20161211,  102
  319,20161212,   67
  319,20161213,   77
  319,20161214,  109
  319,20161215,   80
  319,20161216,   99
  319,20161217,   79
  319,20161218,   78
  319,20161219,   80
  319,20161220,   46
  319,20161221,   74
  319,20161222,   74
  319,20161223,   82
  319,20161224,   92
  319,20161225,  115
  319,20161226,  116
  319,20161227,   86
  319,20161228,   21
  319,20161229,    8
  319,20161230,   40
  319,20161231,    7
  319,20170101,    5
  319,20170102,   70
  319,20170103,   56
  319,20170104,   77
  319,20170105,   52
  319,20170106,   12
  319,20170107,   25
  319,20170108,   77
  319,20170109,   75
  319,20170110,   73
  319,20170111,  108
  319,20170112,   74
  319,20170113,   57
  319,20170114,   52
  319,20170115,   23
  319,20170116,   46
  319,20170117,   -4
  319,20170118,   -8
  319,20170119,   26
  319,20170120,   39
  319,20170121,   37
  319,20170122,   35
  319,20170123,   25
  319,20170124,   11
  319,20170125,    3
  319,20170126,    0
  319,20170127,   67
  319,20170128,  100
  319,20170129,   65
  319,20170130,   76
  319,20170131,   38
  319,20170201,   94
  319,20170202,  134
  319,20170203,  119
  319,20170204,   74
  319,20170205,   78
  319,20170206,   78
  319,20170207,   58
  319,20170208,   48
  319,20170209,   17
  319,20170210,   -4
  319,20170211,    8
  319,20170212,   61
  319,20170213,   83
  319,20170214,  129
  319,20170215,  145
  319,20170216,  112
  319,20170217,   92
  319,20170218,  109
  319,20170219,   95
  319,20170220,  113
  319,20170221,  116
  319,20170222,  112
  319,20170223,  113
  319,20170224,   80
  319,20170225,   97
  319,20170226,  116
  319,20170227,  110
  319,20170228,   65
  319,20170301,   96
  319,20170302,   95
  319,20170303,  115
  319,20170304,  113
  319,20170305,   93
  319,20170306,   80
  319,20170307,   97
  319,20170308,  114
  319,20170309,  141
  319,20170310,  119
  319,20170311,  133
  319,20170312,  175
  319,20170313,  126
  319,20170314,  124
  319,20170315,  155
  319,20170316,  174
  319,20170317,  108
  319,20170318,  140
  319,20170319,  132
  319,20170320,  119
  319,20170321,  102
  319,20170322,  127
  319,20170323,  152
  319,20170324,  143
  319,20170325,  157
  319,20170326,  155
  319,20170327,  179
  319,20170328,  205
  319,20170329,  170
  319,20170330,  220
  319,20170331,  198
  319,20170401,  147
  319,20170402,  168
  319,20170403,  159
  319,20170404,  144
  319,20170405,  135
  319,20170406,  121
  319,20170407,  137
  319,20170408,  160
  319,20170409,  229
  319,20170410,  137
  319,20170411,  152
  319,20170412,  132
  319,20170413,  134
  319,20170414,  147
  319,20170415,  127
  319,20170416,  123
  319,20170417,  114
  319,20170418,  112
  319,20170419,  101
  319,20170420,  133
  319,20170421,  152
  319,20170422,  129
  319,20170423,  127
  319,20170424,  155
  319,20170425,  105
  319,20170426,  111
  319,20170427,  105
  319,20170428,  121
  319,20170429,  147
  319,20170430,  211
  319,20170501,  147
  319,20170502,  133
  319,20170503,  138
  319,20170504,  156
  319,20170505,  129
  319,20170506,  210
  319,20170507,  123
  319,20170508,  145
  319,20170509,  145
  319,20170510,  184
  319,20170511,  241
  319,20170512,  209
  319,20170513,  182
  319,20170514,  192
  319,20170515,  213
  319,20170516,  259
  319,20170517,  285
  319,20170518,  188
  319,20170519,  170
  319,20170520,  183
  319,20170521,  209
  319,20170522,  251
  319,20170523,  205
  319,20170524,  223
  319,20170525,  251
  319,20170526,  281
  319,20170527,  313
  319,20170528,  273
  319,20170529,  302
  319,20170530,  219
  319,20170531,  247
  319,20170601,  256
  319,20170602,  274
  319,20170603,  241
  319,20170604,  207
  319,20170605,  228
  319,20170606,  179
  319,20170607,  195
  319,20170608,  248
  319,20170609,  209
  319,20170610,  258
  319,20170611,  288
  319,20170612,  193
  319,20170613,  226
  319,20170614,  264
  319,20170615,  279
  319,20170616,  213
  319,20170617,  259
  319,20170618,  283
  319,20170619,  320
  319,20170620,  306
  319,20170621,  330
  319,20170622,  334
  319,20170623,  252
  319,20170624,  189
  319,20170625,  241
  319,20170626,  230
  319,20170627,  236
  319,20170628,  222
  319,20170629,  226
  319,20170630,  210
  319,20170701,  189
  319,20170702,  195
  319,20170703,  240
  319,20170704,  252
  319,20170705,  269
  319,20170706,  263
  319,20170707,  277
  319,20170708,  253
  319,20170709,  250
  319,20170710,  258
  319,20170711,  226
  319,20170712,  199
  319,20170713,  216
  319,20170714,  212
  319,20170715,  232
  319,20170716,  251
  319,20170717,  240
  319,20170718,  278
  319,20170719,  316
  319,20170720,  257
  319,20170721,  261
  319,20170722,  237
  319,20170723,  227
  319,20170724,  213
  319,20170725,  221
  319,20170726,  249
  319,20170727,  235
  319,20170728,  232
  319,20170729,  242
  319,20170730,  243
  319,20170731,  249
  319,20170801,  236
  319,20170802,  219
  319,20170803,  241
  319,20170804,  248
  319,20170805,  228
  319,20170806,  235
  319,20170807,  242
  319,20170808,  184
  319,20170809,  216
  319,20170810,  196
  319,20170811,  219
  319,20170812,  225
  319,20170813,  218
  319,20170814,  259
  319,20170815,  229
  319,20170816,  243
  319,20170817,  221
  319,20170818,  219
  319,20170819,  210
  319,20170820,  206
  319,20170821,  210
  319,20170822,  246
  319,20170823,  286
  319,20170824,  234
  319,20170825,  250
  319,20170826,  262
  319,20170827,  266
  319,20170828,  280
  319,20170829,  314
  319,20170830,  214
  319,20170831,  200
  319,20170901,  197
  319,20170902,  201
  319,20170903,  202
  319,20170904,  195
  319,20170905,  232
  319,20170906,  182
  319,20170907,  195
  319,20170908,  171
  319,20170909,  179
  319,20170910,  180
  319,20170911,  169
  319,20170912,  184
  319,20170913,  188
  319,20170914,  139
  319,20170915,  159
  319,20170916,  150
  319,20170917,  173
  319,20170918,  157
  319,20170919,  180
  319,20170920,  184
  319,20170921,  193
  319,20170922,  185
  319,20170923,  187
  319,20170924,  208
  319,20170925,  201
  319,20170926,  194
  319,20170927,  208
  319,20170928,  204
  319,20170929,  241
  319,20170930,  165
  319,20171001,  163
  319,20171002,  184
  319,20171003,  162
  319,20171004,  147
  319,20171005,  159
  319,20171006,  153
  319,20171007,  138
  319,20171008,  154
  319,20171009,  163
  319,20171010,  173
  319,20171011,  162
  319,20171012,  173
  319,20171013,  191
  319,20171014,  208
  319,20171015,  230
  319,20171016,  246
  319,20171017,  170
  319,20171018,  199
  319,20171019,  214
  319,20171020,  169
  319,20171021,  169
  319,20171022,  129
  319,20171023,  158
  319,20171024,  178
  319,20171025,  167
  319,20171026,  176
  319,20171027,  150
  319,20171028,  150
  319,20171030,  116
  319,20171031,  117
  319,20171101,  136
  319,20171102,  137
  319,20171103,  146
  319,20171104,  137
  319,20171105,  100
  319,20171106,  110
  319,20171107,  102
  319,20171108,   76
  319,20171109,  109
  319,20171110,  123
  319,20171111,   98
  319,20171112,   92
  319,20171113,  107
  319,20171114,   96
  319,20171115,  111
  319,20171116,  112
  319,20171117,  121
  319,20171118,   96
  319,20171119,   97
  319,20171120,  123
  319,20171121,  128
  319,20171122,  133
  319,20171123,  148
  319,20171124,  105
  319,20171125,   69
  319,20171126,   78
  319,20171127,   94
  319,20171128,   64
  319,20171129,   67
  319,20171130,   44
  319,20171201,   49
  344,20161201,   95
  344,20161202,  103
  344,20161203,   75
  344,20161204,   39
  344,20161205,   59
  344,20161206,   77
  344,20161207,  103
  344,20161208,  111
  344,20161209,  106
  344,20161210,   99
  344,20161211,  104
  344,20161212,   89
  344,20161213,   76
  344,20161214,   97
  344,20161215,   74
  344,20161216,   93
  344,20161217,   88
  344,20161218,   94
  344,20161219,   74
  344,20161220,   36
  344,20161221,   69
  344,20161222,   76
  344,20161223,   82
  344,20161224,   98
  344,20161225,  117
  344,20161226,  117
  344,20161227,   94
  344,20161228,   47
  344,20161229,   14
  344,20161230,   43
  344,20161231,   41
  344,20170101,   26
  344,20170102,   67
  344,20170103,   71
  344,20170104,   77
  344,20170105,   42
  344,20170106,    5
  344,20170107,   31
  344,20170108,   77
  344,20170109,   67
  344,20170110,   79
  344,20170111,  102
  344,20170112,   73
  344,20170113,   65
  344,20170114,   50
  344,20170115,   43
  344,20170116,   34
  344,20170117,   -2
  344,20170118,  -12
  344,20170119,   28
  344,20170120,   45
  344,20170121,   42
  344,20170122,   49
  344,20170123,   38
  344,20170124,   70
  344,20170125,   12
  344,20170126,   -6
  344,20170127,   75
  344,20170128,   99
  344,20170129,   61
  344,20170130,   73
  344,20170131,   52
  344,20170201,   78
  344,20170202,  132
  344,20170203,  115
  344,20170204,   71
  344,20170205,   73
  344,20170206,   71
  344,20170207,   50
  344,20170208,   17
  344,20170209,   -1
  344,20170210,  -11
  344,20170211,    8
  344,20170212,   31
  344,20170213,   63
  344,20170214,   97
  344,20170215,  136
  344,20170216,   97
  344,20170217,   86
  344,20170218,   88
  344,20170219,   91
  344,20170220,  109
  344,20170221,  115
  344,20170222,  104
  344,20170223,  106
  344,20170224,   84
  344,20170225,   90
  344,20170226,  108
  344,20170227,  105
  344,20170228,   63
  344,20170301,   89
  344,20170302,   85
  344,20170303,  101
  344,20170304,  119
  344,20170305,  102
  344,20170306,  105
  344,20170307,   97
  344,20170308,  107
  344,20170309,  136
  344,20170310,  114
  344,20170311,  125
  344,20170312,  150
  344,20170313,  118
  344,20170314,  130
  344,20170315,  143
  344,20170316,  160
  344,20170317,   94
  344,20170318,  131
  344,20170319,  133
  344,20170320,  113
  344,20170321,   93
  344,20170322,  125
  344,20170323,  138
  344,20170324,  136
  344,20170325,  138
  344,20170326,  129
  344,20170327,  172
  344,20170328,  188
  344,20170329,  149
  344,20170330,  214
  344,20170331,  200
  344,20170401,  135
  344,20170402,  155
  344,20170403,  143
  344,20170404,  151
  344,20170405,  123
  344,20170406,  110
  344,20170407,  142
  344,20170408,  155
  344,20170409,  210
  344,20170410,  144
  344,20170411,  133
  344,20170412,  116
  344,20170413,  124
  344,20170414,  126
  344,20170415,  123
  344,20170416,  113
  344,20170417,  108
  344,20170418,  111
  344,20170419,   90
  344,20170420,  119
  344,20170421,  141
  344,20170422,  114
  344,20170423,  112
  344,20170424,  131
  344,20170425,   98
  344,20170426,  111
  344,20170427,  105
  344,20170428,  119
  344,20170429,  137
  344,20170430,  189
  344,20170501,  137
  344,20170502,  137
  344,20170503,  140
  344,20170504,  145
  344,20170505,  126
  344,20170506,  185
  344,20170507,  137
  344,20170508,  157
  344,20170509,  141
  344,20170510,  156
  344,20170511,  234
  344,20170512,  208
  344,20170513,  181
  344,20170514,  195
  344,20170515,  212
  344,20170516,  266
  344,20170517,  298
  344,20170518,  189
  344,20170519,  172
  344,20170520,  175
  344,20170521,  203
  344,20170522,  248
  344,20170523,  195
  344,20170524,  213
  344,20170525,  239
  344,20170526,  263
  344,20170527,  313
  344,20170528,  240
  344,20170529,  269
  344,20170530,  197
  344,20170531,  219
  344,20170601,  234
  344,20170602,  261
  344,20170603,  222
  344,20170604,  187
  344,20170605,  226
  344,20170606,  190
  344,20170607,  178
  344,20170608,  235
  344,20170609,  194
  344,20170610,  248
  344,20170611,  278
  344,20170612,  192
  344,20170613,  207
  344,20170614,  245
  344,20170615,  254
  344,20170616,  192
  344,20170617,  233
  344,20170618,  279
  344,20170619,  302
  344,20170620,  284
  344,20170621,  293
  344,20170622,  292
  344,20170623,  234
  344,20170624,  191
  344,20170625,  194
  344,20170626,  199
  344,20170627,  230
  344,20170628,  221
  344,20170629,  209
  344,20170630,  209
  344,20170701,  188
  344,20170702,  194
  344,20170703,  221
  344,20170704,  240
  344,20170705,  247
  344,20170706,  263
  344,20170707,  245
  344,20170708,  245
  344,20170709,  241
  344,20170710,  267
  344,20170711,  212
  344,20170712,  188
  344,20170713,  202
  344,20170714,  195
  344,20170715,  219
  344,20170716,  218
  344,20170717,  233
  344,20170718,  263
  344,20170719,  294
  344,20170720,  255
  344,20170721,  233
  344,20170722,  240
  344,20170723,  202
  344,20170724,  199
  344,20170725,  204
  344,20170726,  236
  344,20170727,  212
  344,20170728,  206
  344,20170729,  214
  344,20170730,  217
  344,20170731,  224
  344,20170801,  235
  344,20170802,  221
  344,20170803,  221
  344,20170804,  213
  344,20170805,  202
  344,20170806,  209
  344,20170807,  212
  344,20170808,  182
  344,20170809,  215
  344,20170810,  199
  344,20170811,  209
  344,20170812,  211
  344,20170813,  216
  344,20170814,  252
  344,20170815,  215
  344,20170816,  228
  344,20170817,  211
  344,20170818,  206
  344,20170819,  192
  344,20170820,  190
  344,20170821,  215
  344,20170822,  239
  344,20170823,  261
  344,20170824,  210
  344,20170825,  234
  344,20170826,  245
  344,20170827,  249
  344,20170828,  259
  344,20170829,  283
  344,20170830,  216
  344,20170831,  193
  344,20170901,  182
  344,20170902,  195
  344,20170903,  200
  344,20170904,  203
  344,20170905,  222
  344,20170906,  186
  344,20170907,  187
  344,20170908,  164
  344,20170909,  182
  344,20170910,  179
  344,20170911,  167
  344,20170912,  176
  344,20170913,  173
  344,20170914,  144
  344,20170915,  162
  344,20170916,  134
  344,20170917,  168
  344,20170918,  165
  344,20170919,  182
  344,20170920,  183
  344,20170921,  190
  344,20170922,  195
  344,20170923,  189
  344,20170924,  205
  344,20170925,  180
  344,20170926,  178
  344,20170927,  208
  344,20170928,  200
  344,20170929,  236
  344,20170930,  164
  344,20171001,  168
  344,20171002,  178
  344,20171003,  163
  344,20171004,  150
  344,20171005,  164
  344,20171006,  152
  344,20171007,  152
  344,20171008,  163
  344,20171009,  149
  344,20171010,  158
  344,20171011,  162
  344,20171012,  161
  344,20171013,  186
  344,20171014,  198
  344,20171015,  225
  344,20171016,  246
  344,20171017,  160
  344,20171018,  179
  344,20171019,  209
  344,20171020,  170
  344,20171021,  173
  344,20171022,  130
  344,20171023,  159
  344,20171024,  167
  344,20171025,  172
  344,20171026,  172
  344,20171027,  150
  344,20171028,  152
  344,20171030,  118
  344,20171031,  125
  344,20171101,  134
  344,20171102,  137
  344,20171103,  135
  344,20171104,  134
  344,20171105,  112
  344,20171106,  111
  344,20171107,   98
  344,20171108,   81
  344,20171109,  117
  344,20171110,  127
  344,20171111,  111
  344,20171112,   77
  344,20171113,  108
  344,20171114,   96
  344,20171115,  109
  344,20171116,  115
  344,20171117,  110
  344,20171118,  104
  344,20171119,  104
  344,20171120,  125
  344,20171121,  127
  344,20171122,  128
  344,20171123,  142
  344,20171124,   92
  344,20171125,   76
  344,20171126,   81
  344,20171127,  101
  344,20171128,   84
  344,20171129,   77
  344,20171130,   57
  344,20171201,   39
  370,20161201,   76
  370,20161202,   99
  370,20161203,   63
  370,20161204,   41
  370,20161205,   57
  370,20161206,   77
  370,20161207,  103
  370,20161208,   94
  370,20161209,  123
  370,20161210,   94
  370,20161211,  102
  370,20161212,   82
  370,20161213,   77
  370,20161214,  100
  370,20161215,   79
  370,20161216,   79
  370,20161217,   71
  370,20161218,   82
  370,20161219,   78
  370,20161220,   48
  370,20161221,   78
  370,20161222,   65
  370,20161223,   83
  370,20161224,   90
  370,20161225,  110
  370,20161226,  111
  370,20161227,   87
  370,20161228,   47
  370,20161229,   33
  370,20161230,   36
  370,20161231,    6
  370,20170101,    4
  370,20170102,   63
  370,20170103,   47
  370,20170104,   64
  370,20170105,   33
  370,20170106,   -2
  370,20170107,    8
  370,20170108,   53
  370,20170109,   59
  370,20170110,   64
  370,20170111,  102
  370,20170112,   74
  370,20170113,   46
  370,20170114,   37
  370,20170115,   30
  370,20170116,    1
  370,20170117,    4
  370,20170118,   -8
  370,20170119,   33
  370,20170120,   45
  370,20170121,   50
  370,20170122,   35
  370,20170123,   14
  370,20170124,   20
  370,20170125,    2
  370,20170126,   14
  370,20170127,   85
  370,20170128,  109
  370,20170129,   77
  370,20170130,   77
  370,20170131,   51
  370,20170201,   60
  370,20170202,  142
  370,20170203,  122
  370,20170204,   76
  370,20170205,   88
  370,20170206,   83
  370,20170207,   57
  370,20170208,   35
  370,20170209,   15
  370,20170210,    0
  370,20170211,   16
  370,20170212,   67
  370,20170213,   83
  370,20170214,  114
  370,20170215,  166
  370,20170216,  115
  370,20170217,   97
  370,20170218,  110
  370,20170219,   82
  370,20170220,  113
  370,20170221,  131
  370,20170222,  111
  370,20170223,  114
  370,20170224,   85
  370,20170225,   87
  370,20170226,  106
  370,20170227,  124
  370,20170228,   88
  370,20170301,   97
  370,20170302,   89
  370,20170303,  111
  370,20170304,  145
  370,20170305,  108
  370,20170306,   91
  370,20170307,   97
  370,20170308,  108
  370,20170309,  137
  370,20170310,  118
  370,20170311,  133
  370,20170312,  161
  370,20170313,  148
  370,20170314,  166
  370,20170315,  155
  370,20170316,  179
  370,20170317,  112
  370,20170318,  126
  370,20170319,  136
  370,20170320,  120
  370,20170321,  111
  370,20170322,  131
  370,20170323,  148
  370,20170324,  144
  370,20170325,  159
  370,20170326,  148
  370,20170327,  183
  370,20170328,  210
  370,20170329,  169
  370,20170330,  232
  370,20170331,  234
  370,20170401,  140
  370,20170402,  175
  370,20170403,  156
  370,20170404,  172
  370,20170405,  142
  370,20170406,  111
  370,20170407,  136
  370,20170408,  156
  370,20170409,  236
  370,20170410,  149
  370,20170411,  156
  370,20170412,  135
  370,20170413,  140
  370,20170414,  120
  370,20170415,  129
  370,20170416,  121
  370,20170417,  119
  370,20170418,  112
  370,20170419,   99
  370,20170420,  131
  370,20170421,  162
  370,20170422,  116
  370,20170423,  114
  370,20170424,  160
  370,20170425,  116
  370,20170426,  121
  370,20170427,  118
  370,20170428,  125
  370,20170429,  136
  370,20170430,  203
  370,20170501,  146
  370,20170502,  150
  370,20170503,  152
  370,20170504,  152
  370,20170505,  119
  370,20170506,  207
  370,20170507,  167
  370,20170508,  159
  370,20170509,  152
  370,20170510,  184
  370,20170511,  243
  370,20170512,  230
  370,20170513,  219
  370,20170514,  222
  370,20170515,  230
  370,20170516,  284
  370,20170517,  308
  370,20170518,  220
  370,20170519,  174
  370,20170520,  184
  370,20170521,  207
  370,20170522,  258
  370,20170523,  226
  370,20170524,  243
  370,20170525,  252
  370,20170526,  279
  370,20170527,  334
  370,20170528,  276
  370,20170529,  323
  370,20170530,  249
  370,20170531,  246
  370,20170601,  258
  370,20170602,  286
  370,20170603,  249
  370,20170604,  215
  370,20170605,  233
  370,20170606,  187
  370,20170607,  200
  370,20170608,  250
  370,20170609,  208
  370,20170610,  255
  370,20170611,  288
  370,20170612,  195
  370,20170613,  212
  370,20170614,  256
  370,20170615,  297
  370,20170616,  208
  370,20170617,  239
  370,20170618,  282
  370,20170619,  324
  370,20170620,  315
  370,20170621,  313
  370,20170622,  350
  370,20170623,  265
  370,20170624,  190
  370,20170625,  215
  370,20170626,  238
  370,20170627,  199
  370,20170628,  222
  370,20170629,  228
  370,20170630,  231
  370,20170701,  196
  370,20170702,  210
  370,20170703,  245
  370,20170704,  243
  370,20170705,  274
  370,20170706,  289
  370,20170707,  289
  370,20170708,  277
  370,20170709,  249
  370,20170710,  274
  370,20170711,  231
  370,20170712,  191
  370,20170713,  217
  370,20170714,  216
  370,20170715,  222
  370,20170716,  231
  370,20170717,  242
  370,20170718,  279
  370,20170719,  306
  370,20170720,  269
  370,20170721,  253
  370,20170722,  267
  370,20170723,  214
  370,20170724,  199
  370,20170725,  209
  370,20170726,  241
  370,20170727,  222
  370,20170728,  222
  370,20170729,  244
  370,20170730,  260
  370,20170731,  244
  370,20170801,  237
  370,20170802,  232
  370,20170803,  247
  370,20170804,  237
  370,20170805,  208
  370,20170806,  223
  370,20170807,  243
  370,20170808,  182
  370,20170809,  221
  370,20170810,  178
  370,20170811,  219
  370,20170812,  221
  370,20170813,  216
  370,20170814,  262
  370,20170815,  247
  370,20170816,  243
  370,20170817,  207
  370,20170818,  207
  370,20170819,  194
  370,20170820,  202
  370,20170821,  229
  370,20170822,  245
  370,20170823,  279
  370,20170824,  238
  370,20170825,  245
  370,20170826,  262
  370,20170827,  255
  370,20170828,  284
  370,20170829,  313
  370,20170830,  239
  370,20170831,  201
  370,20170901,  214
  370,20170902,  210
  370,20170903,  215
  370,20170904,  212
  370,20170905,  242
  370,20170906,  192
  370,20170907,  199
  370,20170908,  164
  370,20170909,  180
  370,20170910,  183
  370,20170911,  182
  370,20170912,  185
  370,20170913,  194
  370,20170914,  147
  370,20170915,  164
  370,20170916,  157
  370,20170917,  173
  370,20170918,  154
  370,20170919,  173
  370,20170920,  185
  370,20170921,  192
  370,20170922,  200
  370,20170923,  182
  370,20170924,  206
  370,20170925,  189
  370,20170926,  182
  370,20170927,  219
  370,20170928,  217
  370,20170929,  246
  370,20170930,  165
  370,20171001,  182
  370,20171002,  195
  370,20171003,  168
  370,20171004,  150
  370,20171005,  160
  370,20171006,  150
  370,20171007,  129
  370,20171008,  151
  370,20171009,  157
  370,20171010,  166
  370,20171011,  163
  370,20171012,  169
  370,20171013,  203
  370,20171014,  216
  370,20171015,  240
  370,20171016,  255
  370,20171017,  170
  370,20171018,  217
  370,20171019,  221
  370,20171020,  170
  370,20171021,  182
  370,20171022,  128
  370,20171023,  153
  370,20171024,  166
  370,20171025,  165
  370,20171026,  170
  370,20171027,  149
  370,20171028,  148
  370,20171030,  119
  370,20171031,  107
  370,20171101,  142
  370,20171102,  135
  370,20171103,  137
  370,20171104,  156
  370,20171105,  113
  370,20171106,  107
  370,20171107,   96
  370,20171108,   72
  370,20171109,  100
  370,20171110,  129
  370,20171111,   82
  370,20171112,   76
  370,20171113,  103
  370,20171114,   95
  370,20171115,   95
  370,20171116,  100
  370,20171117,  101
  370,20171118,   83
  370,20171119,  102
  370,20171120,  112
  370,20171121,  120
  370,20171122,  136
  370,20171123,  160
  370,20171124,   96
  370,20171125,   74
  370,20171126,   69
  370,20171127,   82
  370,20171128,   75
  370,20171129,   33
  370,20171130,   37
  370,20171201,   38
  380,20161201,   56
  380,20161202,   86
  380,20161203,   44
  380,20161204,   31
  380,20161205,   69
  380,20161206,   93
  380,20161207,  102
  380,20161208,   90
  380,20161209,  127
  380,20161210,  101
  380,20161211,  103
  380,20161212,   76
  380,20161213,   81
  380,20161214,  120
  380,20161215,   91
  380,20161216,   83
  380,20161217,   60
  380,20161218,   67
  380,20161219,   69
  380,20161220,   39
  380,20161221,   67
  380,20161222,   65
  380,20161223,   77
  380,20161224,   79
  380,20161225,   97
  380,20161226,  105
  380,20161227,   74
  380,20161228,   41
  380,20161229,   34
  380,20161230,   52
  380,20161231,   18
  380,20170101,    6
  380,20170102,    4
  380,20170103,   26
  380,20170104,   57
  380,20170105,   27
  380,20170106,   -7
  380,20170107,    3
  380,20170108,   28
  380,20170109,   49
  380,20170110,   53
  380,20170111,   82
  380,20170112,   66
  380,20170113,   34
  380,20170114,   30
  380,20170115,   19
  380,20170116,   12
  380,20170117,   -7
  380,20170118,   -5
  380,20170119,   13
  380,20170120,   44
  380,20170121,   42
  380,20170122,   27
  380,20170123,   -2
  380,20170124,   12
  380,20170125,   -4
  380,20170126,   12
  380,20170127,  100
  380,20170128,   95
  380,20170129,   77
  380,20170130,   71
  380,20170131,   34
  380,20170201,   82
  380,20170202,  123
  380,20170203,  122
  380,20170204,   79
  380,20170205,   75
  380,20170206,   76
  380,20170207,   60
  380,20170208,   53
  380,20170209,   38
  380,20170210,   10
  380,20170211,   33
  380,20170212,   71
  380,20170213,   73
  380,20170214,  117
  380,20170215,  171
  380,20170216,  131
  380,20170217,   84
  380,20170218,  105
  380,20170219,   90
  380,20170220,  104
  380,20170221,  101
  380,20170222,  102
  380,20170223,  103
  380,20170224,   70
  380,20170225,   79
  380,20170226,  120
  380,20170227,  132
  380,20170228,   79
  380,20170301,   91
  380,20170302,   88
  380,20170303,  120
  380,20170304,  138
  380,20170305,  101
  380,20170306,   66
  380,20170307,  101
  380,20170308,  106
  380,20170309,  142
  380,20170310,  110
  380,20170311,  135
  380,20170312,  158
  380,20170313,  151
  380,20170314,  148
  380,20170315,  152
  380,20170316,  178
  380,20170317,  115
  380,20170318,  118
  380,20170319,  124
  380,20170320,  130
  380,20170321,  107
  380,20170322,  121
  380,20170323,  157
  380,20170324,  140
  380,20170325,  151
  380,20170326,  147
  380,20170327,  178
  380,20170328,  198
  380,20170329,  156
  380,20170330,  222
  380,20170331,  230
  380,20170401,  147
  380,20170402,  168
  380,20170403,  143
  380,20170404,  157
  380,20170405,  133
  380,20170406,  102
  380,20170407,  137
  380,20170408,  155
  380,20170409,  230
  380,20170410,  147
  380,20170411,  147
  380,20170412,  154
  380,20170413,  133
  380,20170414,  118
  380,20170415,  113
  380,20170416,  113
  380,20170417,  113
  380,20170418,  108
  380,20170419,   88
  380,20170420,  120
  380,20170421,  155
  380,20170422,  117
  380,20170423,  113
  380,20170424,  154
  380,20170425,   98
  380,20170426,  113
  380,20170427,  106
  380,20170428,  123
  380,20170429,  136
  380,20170430,  201
  380,20170501,  138
  380,20170502,  124
  380,20170503,  158
  380,20170504,  151
  380,20170505,  130
  380,20170506,  207
  380,20170507,  160
  380,20170508,  120
  380,20170509,  143
  380,20170510,  183
  380,20170511,  230
  380,20170512,  228
  380,20170513,  210
  380,20170514,  205
  380,20170515,  221
  380,20170516,  270
  380,20170517,  299
  380,20170518,  209
  380,20170519,  166
  380,20170520,  178
  380,20170521,  209
  380,20170522,  253
  380,20170523,  227
  380,20170524,  233
  380,20170525,  238
  380,20170526,  270
  380,20170527,  323
  380,20170528,  282
  380,20170529,  320
  380,20170530,  239
  380,20170531,  240
  380,20170601,  261
  380,20170602,  284
  380,20170603,  251
  380,20170604,  205
  380,20170605,  235
  380,20170606,  177
  380,20170607,  186
  380,20170608,  250
  380,20170609,  212
  380,20170610,  255
  380,20170611,  287
  380,20170612,  196
  380,20170613,  211
  380,20170614,  260
  380,20170615,  303
  380,20170616,  203
  380,20170617,  237
  380,20170618,  277
  380,20170619,  320
  380,20170620,  322
  380,20170621,  315
  380,20170622,  347
  380,20170623,  256
  380,20170624,  224
  380,20170625,  223
  380,20170626,  248
  380,20170627,  222
  380,20170628,  228
  380,20170629,  225
  380,20170630,  229
  380,20170701,  165
  380,20170702,  204
  380,20170703,  235
  380,20170704,  244
  380,20170705,  279
  380,20170706,  288
  380,20170707,  295
  380,20170708,  276
  380,20170709,  263
  380,20170710,  269
  380,20170711,  235
  380,20170712,  189
  380,20170713,  217
  380,20170714,  234
  380,20170715,  218
  380,20170716,  219
  380,20170717,  237
  380,20170718,  288
  380,20170719,  312
  380,20170720,  266
  380,20170721,  259
  380,20170722,  266
  380,20170723,  190
  380,20170724,  189
  380,20170725,  194
  380,20170726,  241
  380,20170727,  215
  380,20170728,  216
  380,20170729,  273
  380,20170730,  255
  380,20170731,  254
  380,20170801,  222
  380,20170802,  235
  380,20170803,  248
  380,20170804,  225
  380,20170805,  206
  380,20170806,  221
  380,20170807,  238
  380,20170808,  179
  380,20170809,  212
  380,20170810,  164
  380,20170811,  200
  380,20170812,  188
  380,20170813,  223
  380,20170814,  256
  380,20170815,  238
  380,20170816,  240
  380,20170817,  223
  380,20170818,  199
  380,20170819,  192
  380,20170820,  195
  380,20170821,  217
  380,20170822,  240
  380,20170823,  281
  380,20170824,  231
  380,20170825,  234
  380,20170826,  259
  380,20170827,  247
  380,20170828,  281
  380,20170829,  309
  380,20170830,  253
  380,20170831,  189
  380,20170901,  206
  380,20170902,  197
  380,20170903,  208
  380,20170904,  201
  380,20170905,  249
  380,20170906,  188
  380,20170907,  186
  380,20170908,  162
  380,20170909,  162
  380,20170910,  176
  380,20170911,  178
  380,20170912,  179
  380,20170913,  174
  380,20170914,  149
  380,20170915,  159
  380,20170916,  159
  380,20170917,  171
  380,20170918,  164
  380,20170919,  159
  380,20170920,  171
  380,20170921,  195
  380,20170922,  189
  380,20170923,  172
  380,20170924,  195
  380,20170925,  196
  380,20170926,  201
  380,20170927,  215
  380,20170928,  222
  380,20170929,  244
  380,20170930,  173
  380,20171001,  176
  380,20171002,  193
  380,20171003,  161
  380,20171004,  145
  380,20171005,  153
  380,20171006,  142
  380,20171007,  110
  380,20171008,  145
  380,20171009,  156
  380,20171010,  159
  380,20171011,  157
  380,20171012,  166
  380,20171013,  190
  380,20171014,  217
  380,20171015,  242
  380,20171016,  255
  380,20171017,  188
  380,20171018,  215
  380,20171019,  216
  380,20171020,  168
  380,20171021,  168
  380,20171022,  130
  380,20171023,  138
  380,20171024,  156
  380,20171025,  165
  380,20171026,  163
  380,20171027,  141
  380,20171028,  137
  380,20171030,  110
  380,20171031,  104
  380,20171101,  142
  380,20171102,  119
  380,20171103,  134
  380,20171104,  154
  380,20171105,  116
  380,20171106,  102
  380,20171107,   81
  380,20171108,   64
  380,20171109,   79
  380,20171110,  101
  380,20171111,   76
  380,20171112,   66
  380,20171113,   91
  380,20171114,   94
  380,20171115,   94
  380,20171116,  103
  380,20171117,   94
  380,20171118,   67
  380,20171119,   86
  380,20171120,   97
  380,20171121,  102
  380,20171122,  134
  380,20171123,  153
  380,20171124,   98
  380,20171125,   64
  380,20171126,   52
  380,20171127,   76
  380,20171128,   77
  380,20171129,   29
  380,20171130,   32
  380,20171201,   37
