# BRON: KONINKLIJK NEDERLANDS METEOROLOGISCH INSTITUUT (KNMI)
# Opmerking: door stationsverplaatsingen en veranderingen in waarneemmethodieken zijn deze tijdreeksen van dagwaarden mogelijk inhomogeen! Dat betekent dat deze reeks van gemeten waarden niet geschikt is voor trendanalyse. Voor studies naar klimaatverandering verwijzen we naar de gehomogeniseerde reeks maandtemperaturen van De Bilt <http://www.knmi.nl/kennis-en-datacentrum/achtergrond/gehomogeniseerde-reeks-maandtemperaturen-de-bilt> of de Centraal Nederland Temperatuur <http://www.knmi.nl/kennis-en-datacentrum/achtergrond/centraal-nederland-temperatuur-cnt>.
# 
# 
# STN      LON(east)   LAT(north)     ALT(m)  NAME
# 240:         4.790       52.318      -3.30  SCHIPHOL
# 380:         5.762       50.906     114.30  MAASTRICHT
# 
# YYYYMMDD = Datum (YYYY=jaar MM=maand DD=dag); 
# FHX      = Hoogste uurgemiddelde windsnelheid (in 0.1 m/s); 
# TX       = Maximum temperatuur (in 0.1 graden Celsius); 
# T10N     = Minimum temperatuur op 10 cm hoogte (in 0.1 graden Celsius); 
# 
# STN,YYYYMMDD,  FHX,   TX, T10N
# 
  240,20001101,  110,   94,   70
  240,20001102,  120,  110,   46
  240,20001103,  100,  109,   53
  240,20001104,   70,  104,   45
  240,20001105,   80,   99,   46
  240,20001106,  100,  115,   65
  240,20001107,   70,   96,   68
  240,20001108,   90,   91,   70
  240,20001109,   90,   86,   71
  240,20001110,   80,   85,   60
  240,20001111,  110,  103,   65
  240,20001112,  100,   99,   71
  240,20001113,   70,   95,   42
  240,20001114,   50,   73,    9
  240,20001115,   70,   73,   35
  240,20001116,   90,   85,   47
  240,20001117,   60,   85,   27
  240,20001118,  110,   85,   26
  240,20001119,  110,  115,   62
  240,20001120,   70,   84,   36
  240,20001121,   90,   69,   37
  240,20001122,  100,  104,   55
  240,20001123,   60,  111,   39
  240,20001124,   80,   95,   38
  240,20001125,  110,   90,   39
  240,20001126,  110,   97,   55
  240,20001127,   70,   88,   50
  240,20001128,  100,  148,   74
  240,20001129,   70,  134,   93
  240,20001130,   70,  124,   78
  240,20001201,   80,  129,  100
  240,20001202,   90,  126,   82
  240,20001203,   70,  105,   50
  240,20001204,  100,   93,   41
  240,20001205,   80,  121,   61
  240,20001206,   80,  123,   72
  240,20001207,   70,  114,   63
  240,20001208,  120,  145,   94
  240,20001209,  100,  108,   68
  240,20001210,  120,  115,   64
  240,20001211,  140,  137,   88
  240,20001212,  130,  142,  114
  240,20001213,  180,  126,   82
  240,20001214,  120,   97,   42
  240,20001215,  100,   78,   36
  240,20001216,  100,   62,   30
  240,20001217,   50,   62,    9
  240,20001218,   40,   45,   -4
  240,20001219,   70,   56,    6
  240,20001220,   80,   32,   -3
  240,20001221,   70,   21,  -34
  240,20001222,   40,    9,  -58
  240,20001223,   30,   18,  -74
  240,20001224,   80,   15,    3
  240,20001225,  100,   13,  -27
  240,20001226,   90,   -4,  -30
  240,20001227,   60,   -4,  -20
  240,20001228,  110,   31,  -33
  240,20001229,   70,   43,    2
  240,20001230,   80,   39,   -2
  240,20001231,   90,   33,  -26
  240,20010101,  120,   70,    7
  240,20010102,  100,  101,   55
  240,20010103,   90,   92,   40
  240,20010104,  110,   89,   54
  240,20010105,  120,  100,   58
  240,20010106,   80,   76,   43
  240,20010107,   70,   71,   23
  240,20010108,   60,   67,   14
  240,20010109,   50,   58,    9
  240,20010110,   90,   42,   22
  240,20010111,   90,   33,  -33
  240,20010112,   40,   51,  -46
  240,20010113,   60,   23,  -24
  240,20010114,   80,   26,  -39
  240,20010115,   70,    7,  -38
  240,20010116,   30,   14,  -71
  240,20010117,   20,   -3,  -92
  240,20010118,   20,   -9,  -86
  240,20010119,   40,    4,  -17
  240,20010120,   40,   16,   -8
  240,20010121,   80,    7,   -8
  240,20010122,   60,   61,   -1
  240,20010123,  110,  107,   35
  240,20010124,  130,  110,   27
  240,20010125,   70,   78,   27
  240,20010126,   80,   62,   25
  240,20010127,  110,   61,   31
  240,20010128,   60,   71,   20
  240,20010129,   30,   64,  -25
  240,20010130,   40,   57,  -34
  240,20010131,   30,   36,    0
  240,20010201,   30,   53,  -14
  240,20010202,   60,   16,    0
  240,20010203,   60,    7,   -5
  240,20010204,   60,   84,  -10
  240,20010205,  120,  101,   71
  240,20010206,  120,  123,   74
  240,20010207,  100,  114,   81
  240,20010208,  110,  107,   32
  240,20010209,   50,   68,  -43
  240,20010210,   90,   66,  -48
  240,20010211,  130,  130,   53
  240,20010212,   90,  121,   47
  240,20010213,   70,   90,   -6
  240,20010214,   30,   76,  -10
  240,20010215,   20,  127,  -26
  240,20010216,   40,   55,  -23
  240,20010217,   60,   54,   28
  240,20010218,   50,   86,  -14
  240,20010219,   80,   66,   33
  240,20010220,   80,   82,   21
  240,20010221,   70,   91,   25
  240,20010222,  100,   77,   16
  240,20010223,   70,   56,  -14
  240,20010224,   90,   27,  -25
  240,20010225,   70,   52,  -11
  240,20010226,   70,   55,   -6
  240,20010227,   80,   49,   -2
  240,20010228,   40,   57,  -11
  240,20010301,   40,   26,    2
  240,20010302,   80,   39,  -41
  240,20010303,   70,   13,  -32
  240,20010304,   60,   28,  -15
  240,20010305,   40,   45,  -17
  240,20010306,   70,   90,  -22
  240,20010307,   70,  131,   32
  240,20010308,   90,  105,   47
  240,20010309,   90,  104,   64
  240,20010310,   90,  112,   82
  240,20010311,  110,  135,   82
  240,20010312,   90,  120,   41
  240,20010313,  100,   79,   33
  240,20010314,   90,   84,    4
  240,20010315,   40,  107,  -21
  240,20010316,   90,   83,   42
  240,20010317,  100,   45,   23
  240,20010318,   70,   35,   19
  240,20010319,   90,   49,  -34
  240,20010320,   60,   65,  -39
  240,20010321,   80,   23,    0
  240,20010322,   50,   46,    6
  240,20010323,   80,   79,   42
  240,20010324,   80,  106,   33
  240,20010325,   90,   40,   21
  240,20010326,   60,   54,   14
  240,20010327,   90,   62,   11
  240,20010328,  110,  117,   27
  240,20010329,   70,   99,    4
  240,20010330,   70,  100,   -1
  240,20010331,  100,  123,   27
  240,20010401,   70,  139,   48
  240,20010402,   70,  214,   37
  240,20010403,  110,  158,   56
  240,20010404,  130,  107,   55
  240,20010405,  110,  110,   55
  240,20010406,  120,  126,   86
  240,20010407,   90,  109,   53
  240,20010408,   70,   92,   20
  240,20010409,   60,   97,   46
  240,20010410,   70,  114,   71
  240,20010411,   90,  114,   11
  240,20010412,   90,   90,  -17
  240,20010413,   70,   82,  -35
  240,20010414,   90,   87,  -43
  240,20010415,   90,   92,   45
  240,20010416,   80,   93,   45
  240,20010417,   80,   80,   30
  240,20010418,  100,   82,   13
  240,20010419,  100,   73,   13
  240,20010420,   50,   71,   -5
  240,20010421,   60,  109,    0
  240,20010422,   40,  123,  -18
  240,20010423,   40,  130,   16
  240,20010424,   80,  157,   35
  240,20010425,   70,  140,   59
  240,20010426,  100,  129,   83
  240,20010427,   60,  130,   61
  240,20010428,  130,  131,   59
  240,20010429,   70,  167,   50
  240,20010430,   70,  169,   82
  240,20010501,  110,  125,   73
  240,20010502,   90,  191,   62
  240,20010503,   70,  169,   72
  240,20010504,   60,  102,   38
  240,20010505,   80,  106,   28
  240,20010506,   90,  145,   54
  240,20010507,   90,  158,   55
  240,20010508,   60,  156,   28
  240,20010509,   80,  219,   88
  240,20010510,   60,  257,  112
  240,20010511,   70,  246,   63
  240,20010512,   60,  240,   69
  240,20010513,   50,  245,  107
  240,20010514,   60,  192,   96
  240,20010515,   70,  171,  102
  240,20010516,  100,  175,   99
  240,20010517,  140,  151,   77
  240,20010518,  100,  138,   88
  240,20010519,   60,  150,   43
  240,20010520,   50,  168,   16
  240,20010521,   70,  166,   22
  240,20010522,   70,  188,   52
  240,20010523,   60,  218,   57
  240,20010524,   70,  204,   75
  240,20010525,   50,  207,   47
  240,20010526,   50,  213,   53
  240,20010527,   70,  168,  107
  240,20010528,  100,  197,  148
  240,20010529,   90,  198,   94
  240,20010530,   40,  229,   44
  240,20010531,   90,  155,   63
  240,20010601,   80,  168,   76
  240,20010602,  100,  138,   73
  240,20010603,  110,  124,   66
  240,20010604,   70,  157,   77
  240,20010605,   60,  204,  108
  240,20010606,   90,  200,  110
  240,20010607,  110,  157,   98
  240,20010608,   70,  157,   26
  240,20010609,   30,  167,   -2
  240,20010610,   60,  176,   66
  240,20010611,   70,  158,   47
  240,20010612,   50,  179,   43
  240,20010613,   40,  187,   25
  240,20010614,   60,  208,   40
  240,20010615,   70,  217,  132
  240,20010616,   60,  205,  117
  240,20010617,   70,  197,  128
  240,20010618,   70,  145,  105
  240,20010619,   40,  194,   21
  240,20010620,   80,  225,   64
  240,20010621,   70,  175,  105
  240,20010622,   90,  161,  119
  240,20010623,   30,  202,   67
  240,20010624,   40,  232,   65
  240,20010625,   50,  233,   89
  240,20010626,   60,  272,  119
  240,20010627,   90,  214,  156
  240,20010628,   90,  224,  133
  240,20010629,   70,  248,  151
  240,20010630,   90,  221,  152
  240,20010701,   70,  208,  135
  240,20010702,   30,  227,   93
  240,20010703,   70,  252,   86
  240,20010704,   80,  282,  134
  240,20010705,   60,  308,  157
  240,20010706,   50,  282,  182
  240,20010707,   60,  235,  177
  240,20010708,   60,  207,  169
  240,20010709,   70,  206,  150
  240,20010710,  100,  237,  143
  240,20010711,  150,  187,  136
  240,20010712,  100,  203,  125
  240,20010713,   90,  202,  116
  240,20010714,   50,  175,  107
  240,20010715,   50,  194,   69
  240,20010716,   40,  197,   41
  240,20010717,   70,  224,   45
  240,20010718,   80,  195,  142
  240,20010719,   70,  199,  131
  240,20010720,   80,  176,   93
  240,20010721,   80,  185,  112
  240,20010722,   70,  228,  123
  240,20010723,   30,  231,  106
  240,20010724,   50,  245,  113
  240,20010725,   30,  250,   95
  240,20010726,   40,  272,  123
  240,20010727,   40,  283,  146
  240,20010728,   50,  255,  126
  240,20010729,   60,  267,  108
  240,20010730,   50,  256,  144
  240,20010731,   80,  237,  136
  240,20010801,   40,  226,   92
  240,20010802,   50,  270,   94
  240,20010803,   80,  220,  151
  240,20010804,   90,  208,  143
  240,20010805,   80,  200,  127
  240,20010806,   80,  218,  130
  240,20010807,   70,  214,  149
  240,20010808,  120,  196,  134
  240,20010809,   40,  196,  103
  240,20010810,   80,  191,  108
  240,20010811,   90,  202,  101
  240,20010812,  100,  183,  149
  240,20010813,   80,  198,  173
  240,20010814,   50,  274,  149
  240,20010815,   60,  318,  143
  240,20010816,  110,  219,  132
  240,20010817,   50,  219,  129
  240,20010818,   60,  247,  142
  240,20010819,   90,  230,  165
  240,20010820,   70,  224,  106
  240,20010821,   40,  249,   88
  240,20010822,   50,  266,  154
  240,20010823,   40,  276,  175
  240,20010824,   50,  286,  159
  240,20010825,   40,  310,  149
  240,20010826,   70,  261,  184
  240,20010827,   60,  200,   81
  240,20010828,   50,  197,   67
  240,20010829,   50,  206,   64
  240,20010830,   50,  205,  105
  240,20010831,   40,  199,  117
  240,20010901,   70,  185,  108
  240,20010902,   70,  188,  123
  240,20010903,   60,  181,  128
  240,20010904,  110,  170,  110
  240,20010905,   70,  172,  125
  240,20010906,   60,  195,  128
  240,20010907,  140,  177,  130
  240,20010908,  140,  175,   87
  240,20010909,  110,  166,   94
  240,20010910,  110,  162,  111
  240,20010911,   90,  168,  113
  240,20010912,   70,  181,  134
  240,20010913,   90,  163,   93
  240,20010914,   70,  177,   55
  240,20010915,   90,  161,   87
  240,20010916,   60,  146,   62
  240,20010917,   60,  159,   62
  240,20010918,   50,  134,   62
  240,20010919,   90,  123,  104
  240,20010920,   60,  155,  108
  240,20010921,   80,  166,   88
  240,20010922,   80,  164,   84
  240,20010923,   70,  164,   92
  240,20010924,   60,  161,  109
  240,20010925,   40,  165,   64
  240,20010926,   40,  172,   61
  240,20010927,   80,  182,  122
  240,20010928,   50,  209,  122
  240,20010929,   50,  186,  111
  240,20010930,   90,  188,  133
  240,20011001,  120,  184,  158
  240,20011002,  130,  200,  142
  240,20011003,  100,  178,  126
  240,20011004,  100,  175,  109
  240,20011005,   60,  186,  104
  240,20011006,   80,  193,  113
  240,20011007,  110,  179,  126
  240,20011008,  120,  172,  124
  240,20011009,  110,  168,  122
  240,20011010,  120,  165,  101
  240,20011011,   90,  169,  116
  240,20011012,   40,  195,  101
  240,20011013,   50,  226,  114
  240,20011014,   70,  192,  124
  240,20011015,   70,  214,  132
  240,20011016,   40,  169,   83
  240,20011017,   50,  200,   91
  240,20011018,   60,  185,  111
  240,20011019,   50,  183,  128
  240,20011020,   60,  207,  114
  240,20011021,   70,  159,  117
  240,20011022,   90,  142,   90
  240,20011023,   60,  142,   95
  240,20011024,   70,  141,   99
  240,20011025,   70,  162,   83
  240,20011026,   80,  156,  100
  240,20011027,   80,  157,   95
  240,20011028,   60,  156,   65
  240,20011029,  100,  147,   63
  240,20011030,  100,  177,  133
  240,20011031,  130,  156,   73
  240,20011101,   80,  131,   45
  380,20001101,  110,  110,   44
  380,20001102,   80,  133,   45
  380,20001103,   60,  109,   53
  380,20001104,   60,   86,   35
  380,20001105,   60,  101,   41
  380,20001106,  120,  121,   68
  380,20001107,   80,   96,   42
  380,20001108,   90,   93,   67
  380,20001109,  100,   94,   52
  380,20001110,   80,   91,   37
  380,20001111,   90,  105,   42
  380,20001112,  100,  115,   62
  380,20001113,   50,  104,   39
  380,20001114,   50,   93,   36
  380,20001115,   70,   97,   28
  380,20001116,   80,   96,   41
  380,20001117,   60,   70,    9
  380,20001118,  100,   84,   33
  380,20001119,  100,  101,   54
  380,20001120,  110,   75,   17
  380,20001121,   80,   83,    9
  380,20001122,   80,  112,   51
  380,20001123,   80,  124,   52
  380,20001124,   70,   94,   27
  380,20001125,   80,  101,   33
  380,20001126,  100,   88,   54
  380,20001127,   70,   94,   30
  380,20001128,   80,  144,   75
  380,20001129,   70,  142,   91
  380,20001130,   50,  133,   53
  380,20001201,   70,  139,   97
  380,20001202,   50,  138,   77
  380,20001203,  100,  119,   20
  380,20001204,   70,   95,   30
  380,20001205,   70,  135,   71
  380,20001206,   60,  128,   86
  380,20001207,   90,  144,   62
  380,20001208,  120,  151,   91
  380,20001209,   90,  116,   73
  380,20001210,  110,  113,   72
  380,20001211,  110,  136,   92
  380,20001212,  110,  136,  107
  380,20001213,  140,  125,   74
  380,20001214,  100,   92,   51
  380,20001215,   90,   58,   17
  380,20001216,   70,   44,  -11
  380,20001217,   40,   53,  -27
  380,20001218,   40,   52,  -10
  380,20001219,   60,   74,   27
  380,20001220,   70,   33,   -6
  380,20001221,   50,   31,  -56
  380,20001222,   40,   12,  -84
  380,20001223,   50,   78,  -67
  380,20001224,   30,   58,  -51
  380,20001225,   60,    8,   -9
  380,20001226,   50,   -3,  -14
  380,20001227,   40,    9,   -6
  380,20001228,   80,   30,  -11
  380,20001229,   70,   17,  -31
  380,20001230,   70,   13,  -10
  380,20001231,   60,   29,   -7
  380,20010101,   90,   76,   12
  380,20010102,  100,  117,   60
  380,20010103,   90,   92,   36
  380,20010104,  110,   94,   56
  380,20010105,  100,  104,   55
  380,20010106,   70,   92,   27
  380,20010107,   70,   68,   15
  380,20010108,   60,   64,    6
  380,20010109,   60,   58,  -11
  380,20010110,   60,   38,  -12
  380,20010111,   70,   38,    5
  380,20010112,   70,   36,  -30
  380,20010113,   70,   17,  -40
  380,20010114,   60,   16,  -48
  380,20010115,   70,   15,  -70
  380,20010116,   50,   18,  -91
  380,20010117,   20,    6,  -99
  380,20010118,   20,   35,  -55
  380,20010119,   20,   29,   -7
  380,20010120,   20,   11,  -46
  380,20010121,   60,   29,  -61
  380,20010122,   70,   87,   18
  380,20010123,  110,  117,   57
  380,20010124,  120,  120,   34
  380,20010125,   70,   80,   28
  380,20010126,   80,   66,   16
  380,20010127,   90,   57,   12
  380,20010128,   40,   68,  -31
  380,20010129,   30,   52,  -35
  380,20010130,   30,   39,  -28
  380,20010131,   40,   47,  -34
  380,20010201,   60,    8,  -17
  380,20010202,   50,   14,   -2
  380,20010203,   70,   73,    6
  380,20010204,   90,  104,   41
  380,20010205,  120,  107,   72
  380,20010206,  100,  128,   91
  380,20010207,   80,  114,   79
  380,20010208,  120,  128,   63
  380,20010209,   70,   65,  -29
  380,20010210,   80,   73,  -53
  380,20010211,   90,  113,   55
  380,20010212,   80,  140,   80
  380,20010213,  100,   80,   13
  380,20010214,   50,   70,   -8
  380,20010215,   40,  120,  -28
  380,20010216,   60,   76,  -15
  380,20010217,   60,   57,   18
  380,20010218,   40,   38,  -18
  380,20010219,   50,   55,   -4
  380,20010220,   50,   81,   19
  380,20010221,   70,   72,   16
  380,20010222,   70,   70,   24
  380,20010223,   50,   53,   -1
  380,20010224,   60,   11,  -76
  380,20010225,   70,   35,  -81
  380,20010226,   60,   39,  -23
  380,20010227,   60,   48,  -33
  380,20010228,   50,   71,   -6
  380,20010301,   60,   56,   -2
  380,20010302,   50,   60,   -6
  380,20010303,   70,    4,   -6
  380,20010304,   40,   35,   -3
  380,20010305,   50,   47,  -23
  380,20010306,   50,  103,  -42
  380,20010307,   60,  154,   22
  380,20010308,   80,  125,   63
  380,20010309,   90,  117,   79
  380,20010310,   80,  130,   81
  380,20010311,  100,  139,   93
  380,20010312,  110,  140,   10
  380,20010313,  110,   91,   27
  380,20010314,   80,   95,   28
  380,20010315,   20,  102,   47
  380,20010316,   60,  127,   67
  380,20010317,   50,   88,   29
  380,20010318,   90,   99,   31
  380,20010319,   90,   53,  -37
  380,20010320,   80,   43,  -50
  380,20010321,   90,  102,    5
  380,20010322,   60,   96,   48
  380,20010323,  130,  143,   60
  380,20010324,   60,  118,   47
  380,20010325,   70,   47,   19
  380,20010326,   40,   37,   -3
  380,20010327,   60,   72,   22
  380,20010328,   90,  143,   29
  380,20010329,   90,  102,   -1
  380,20010330,   50,  109,    4
  380,20010331,   80,  144,   22
  380,20010401,   50,  182,   60
  380,20010402,   60,  222,   33
  380,20010403,   90,  161,   80
  380,20010404,  110,  126,   39
  380,20010405,  100,  115,   38
  380,20010406,  100,  139,   78
  380,20010407,   80,  129,   55
  380,20010408,   60,  115,   27
  380,20010409,   50,  106,   35
  380,20010410,   70,  108,   64
  380,20010411,   60,  108,   40
  380,20010412,   70,   87,   -8
  380,20010413,   70,   77,  -24
  380,20010414,   80,   54,  -54
  380,20010415,   70,  104,   20
  380,20010416,   60,  100,   37
  380,20010417,   60,   80,   41
  380,20010418,   90,   83,   -3
  380,20010419,   70,   72,    6
  380,20010420,   50,   84,  -10
  380,20010421,   60,  106,  -21
  380,20010422,   30,  125,  -25
  380,20010423,   30,  135,    6
  380,20010424,   80,  157,    1
  380,20010425,   80,  149,   67
  380,20010426,   90,  146,   63
  380,20010427,   60,  115,   58
  380,20010428,  100,  151,   69
  380,20010429,   60,  167,   77
  380,20010430,   50,  198,   67
  380,20010501,   60,  171,   83
  380,20010502,   60,  222,   79
  380,20010503,   70,  212,  102
  380,20010504,   70,  110,   77
  380,20010505,   90,  123,   50
  380,20010506,   60,  135,   24
  380,20010507,   80,  165,   81
  380,20010508,   50,  164,   69
  380,20010509,   70,  236,   75
  380,20010510,   70,  246,  104
  380,20010511,   50,  252,   62
  380,20010512,   60,  240,   81
  380,20010513,   50,  260,   52
  380,20010514,   60,  212,  102
  380,20010515,   60,  203,   66
  380,20010516,  110,  184,  108
  380,20010517,  100,  171,   73
  380,20010518,   80,  129,   70
  380,20010519,   40,  173,   30
  380,20010520,   50,  180,   10
  380,20010521,   60,  187,   78
  380,20010522,   60,  197,   64
  380,20010523,   60,  230,   72
  380,20010524,   60,  249,   77
  380,20010525,   50,  234,   89
  380,20010526,   40,  256,   64
  380,20010527,   70,  208,  139
  380,20010528,   70,  251,  143
  380,20010529,   60,  235,   86
  380,20010530,   30,  233,   81
  380,20010531,   80,  187,   95
  380,20010601,   60,  176,   87
  380,20010602,   80,  137,   71
  380,20010603,   90,  130,   62
  380,20010604,   70,  158,   61
  380,20010605,   60,  221,   53
  380,20010606,   80,  209,  104
  380,20010607,   90,  162,  102
  380,20010608,   40,  165,   50
  380,20010609,   30,  178,   20
  380,20010610,   50,  182,   82
  380,20010611,   60,  175,   61
  380,20010612,   50,  186,   66
  380,20010613,   40,  203,   62
  380,20010614,   30,  225,  116
  380,20010615,   90,  230,  116
  380,20010616,   70,  217,  106
  380,20010617,   60,  183,  125
  380,20010618,   60,  153,   89
  380,20010619,   30,  184,   72
  380,20010620,   50,  228,   66
  380,20010621,   70,  206,   87
  380,20010622,   60,  189,   81
  380,20010623,   30,  212,   56
  380,20010624,   20,  260,   85
  380,20010625,   40,  269,  140
  380,20010626,   40,  312,  131
  380,20010627,   70,  253,  155
  380,20010628,   70,  235,  154
  380,20010629,   60,  248,  156
  380,20010630,   70,  238,  139
  380,20010701,   50,  238,  131
  380,20010702,   30,  211,  118
  380,20010703,   70,  267,  124
  380,20010704,   70,  287,  136
  380,20010705,   60,  316,  164
  380,20010706,   50,  297,  186
  380,20010707,   90,  239,  165
  380,20010708,   80,  174,  153
  380,20010709,   70,  220,  120
  380,20010710,   90,  254,  120
  380,20010711,  120,  199,  131
  380,20010712,   80,  201,  115
  380,20010713,   80,  199,  113
  380,20010714,   70,  174,  125
  380,20010715,   60,  211,  101
  380,20010716,   30,  201,  118
  380,20010717,   50,  236,  103
  380,20010718,   80,  211,  139
  380,20010719,   80,  190,  134
  380,20010720,   70,  175,   83
  380,20010721,   90,  207,   84
  380,20010722,   40,  261,  148
  380,20010723,   60,  242,  160
  380,20010724,   30,  261,  137
  380,20010725,   40,  272,  155
  380,20010726,   40,  293,  150
  380,20010727,   50,  301,  153
  380,20010728,   60,  274,  157
  380,20010729,   40,  269,  153
  380,20010730,   60,  295,  161
  380,20010731,   70,  270,  150
  380,20010801,   40,  238,  116
  380,20010802,   60,  296,  131
  380,20010803,   70,  234,  160
  380,20010804,   70,  210,  139
  380,20010805,   90,  217,  130
  380,20010806,   80,  217,  150
  380,20010807,   80,  204,  158
  380,20010808,  110,  202,  132
  380,20010809,   70,  224,  120
  380,20010810,   50,  189,  104
  380,20010811,   60,  214,   89
  380,20010812,   90,  240,  124
  380,20010813,   80,  244,  152
  380,20010814,   30,  306,  134
  380,20010815,   50,  329,  160
  380,20010816,   70,  243,  111
  380,20010817,   30,  246,   97
  380,20010818,   40,  278,  152
  380,20010819,   80,  242,  153
  380,20010820,   40,  213,  137
  380,20010821,   30,  268,  133
  380,20010822,   30,  284,  141
  380,20010823,   20,  288,  151
  380,20010824,   30,  301,  166
  380,20010825,   20,  332,  156
  380,20010826,   50,  342,  158
  380,20010827,   60,  218,  123
  380,20010828,   30,  205,   76
  380,20010829,   60,  231,   81
  380,20010830,   40,  184,   87
  380,20010831,   50,  204,  115
  380,20010901,   40,  190,   78
  380,20010902,   70,  175,   77
  380,20010903,   80,  174,  134
  380,20010904,   60,  164,  116
  380,20010905,   60,  178,  102
  380,20010906,   60,  175,  111
  380,20010907,   90,  170,  118
  380,20010908,   90,  161,   78
  380,20010909,   80,  130,   82
  380,20010910,   80,  157,   96
  380,20010911,   80,  160,   87
  380,20010912,   80,  180,  124
  380,20010913,   90,  164,  107
  380,20010914,   50,  159,  101
  380,20010915,   70,  158,   90
  380,20010916,   50,  144,   77
  380,20010917,   40,  147,   66
  380,20010918,   40,  146,   43
  380,20010919,  100,  130,   94
  380,20010920,  100,  154,  109
  380,20010921,   60,  170,   74
  380,20010922,   40,  159,   53
  380,20010923,   50,  158,   78
  380,20010924,   20,  172,   65
  380,20010925,   30,  167,   66
  380,20010926,   50,  175,   58
  380,20010927,   70,  177,  116
  380,20010928,   40,  207,   80
  380,20010929,   60,  206,   79
  380,20010930,   60,  200,  134
  380,20011001,  100,  192,  153
  380,20011002,  120,  240,  126
  380,20011003,   50,  173,  122
  380,20011004,   70,  173,   96
  380,20011005,   40,  194,   97
  380,20011006,   70,  201,  108
  380,20011007,   80,  185,  128
  380,20011008,  100,  174,  121
  380,20011009,   90,  157,  113
  380,20011010,   80,  171,   85
  380,20011011,   80,  184,  101
  380,20011012,   40,  220,   52
  380,20011013,   30,  238,  102
  380,20011014,   60,  214,  111
  380,20011015,   60,  223,  119
  380,20011016,   60,  179,   77
  380,20011017,   40,  189,   68
  380,20011018,   50,  202,   90
  380,20011019,   50,  211,  106
  380,20011020,   40,  193,  107
  380,20011021,   70,  160,  120
  380,20011022,   80,  164,   69
  380,20011023,   50,  150,   85
  380,20011024,   70,  150,   84
  380,20011025,   60,  159,  110
  380,20011026,   70,  163,   93
  380,20011027,   70,  150,   90
  380,20011028,   30,  127,   60
  380,20011029,   80,  136,   78
  380,20011030,   80,  191,  111
  380,20011031,  100,  170,   60
  380,20011101,   40,  120,   30
